$$ INITIAL CONDITION FILE CREATED ON 2021-06-19 AT 13:34:49.295427
System_class: Nanowire
f$ System Flags:
ignore_alpha: 1
symmetric_system: 1
check_do_ss: 0
L$: Nanowire
p$ Space Grid:
Total_length: 10000.0
Node_width: 20.0
p$ System Parameters:
Mu_N: 20.0
Mu_P: 20.0
N0: 100000000.0
P0: 1000000000000000.0
B: 1e-10
Tau_N: 20.0
Tau_P: 20.0
Sf: 1000.0
Sb: 100.0
Temperature: 300.0
Rel-Permitivity: 13.6
Ext_E-Field: 0.0
Theta: 0.3
Alpha: 0.2
Delta: 0.5
Frac-Emitted: 1.0
delta_N: 1.13228513e+16	1.12758491e+16	1.12290420e+16	1.11824293e+16	1.11360100e+16	1.10897834e+16	1.10437487e+16	1.09979051e+16	1.09522518e+16	1.09067880e+16	1.08615130e+16	1.08164259e+16	1.07715259e+16	1.07268123e+16	1.06822844e+16	1.06379412e+16	1.05937822e+16	1.05498064e+16	1.05060132e+16	1.04624018e+16	1.04189714e+16	1.03757214e+16	1.03326508e+16	1.02897590e+16	1.02470453e+16	1.02045089e+16	1.01621491e+16	1.01199651e+16	1.00779562e+16	1.00361217e+16	9.99446082e+15	9.95297291e+15	9.91165722e+15	9.87051304e+15	9.82953965e+15	9.78873634e+15	9.74810241e+15	9.70763716e+15	9.66733988e+15	9.62720988e+15	9.58724646e+15	9.54744894e+15	9.50781661e+15	9.46834881e+15	9.42904484e+15	9.38990402e+15	9.35092568e+15	9.31210915e+15	9.27345374e+15	9.23495880e+15	9.19662365e+15	9.15844763e+15	9.12043009e+15	9.08257036e+15	9.04486779e+15	9.00732173e+15	8.96993152e+15	8.93269653e+15	8.89561610e+15	8.85868959e+15	8.82191637e+15	8.78529580e+15	8.74882724e+15	8.71251007e+15	8.67634366e+15	8.64032737e+15	8.60446059e+15	8.56874270e+15	8.53317307e+15	8.49775110e+15	8.46247617e+15	8.42734767e+15	8.39236499e+15	8.35752752e+15	8.32283467e+15	8.28828583e+15	8.25388041e+15	8.21961781e+15	8.18549743e+15	8.15151869e+15	8.11768100e+15	8.08398377e+15	8.05042643e+15	8.01700838e+15	7.98372905e+15	7.95058787e+15	7.91758427e+15	7.88471766e+15	7.85198748e+15	7.81939317e+15	7.78693417e+15	7.75460990e+15	7.72241981e+15	7.69036335e+15	7.65843996e+15	7.62664908e+15	7.59499018e+15	7.56346269e+15	7.53206607e+15	7.50079978e+15	7.46966329e+15	7.43865604e+15	7.40777751e+15	7.37702715e+15	7.34640445e+15	7.31590886e+15	7.28553986e+15	7.25529693e+15	7.22517953e+15	7.19518716e+15	7.16531929e+15	7.13557540e+15	7.10595498e+15	7.07645752e+15	7.04708251e+15	7.01782943e+15	6.98869779e+15	6.95968707e+15	6.93079678e+15	6.90202642e+15	6.87337549e+15	6.84484348e+15	6.81642992e+15	6.78813430e+15	6.75995615e+15	6.73189496e+15	6.70395025e+15	6.67612155e+15	6.64840837e+15	6.62081022e+15	6.59332664e+15	6.56595715e+15	6.53870127e+15	6.51155853e+15	6.48452846e+15	6.45761060e+15	6.43080447e+15	6.40410962e+15	6.37752559e+15	6.35105190e+15	6.32468811e+15	6.29843376e+15	6.27228839e+15	6.24625156e+15	6.22032280e+15	6.19450168e+15	6.16878775e+15	6.14318055e+15	6.11767965e+15	6.09228461e+15	6.06699499e+15	6.04181035e+15	6.01673025e+15	5.99175425e+15	5.96688194e+15	5.94211288e+15	5.91744663e+15	5.89288277e+15	5.86842089e+15	5.84406054e+15	5.81980132e+15	5.79564280e+15	5.77158456e+15	5.74762619e+15	5.72376728e+15	5.70000740e+15	5.67634616e+15	5.65278313e+15	5.62931792e+15	5.60595011e+15	5.58267931e+15	5.55950510e+15	5.53642709e+15	5.51344488e+15	5.49055808e+15	5.46776627e+15	5.44506908e+15	5.42246611e+15	5.39995696e+15	5.37754125e+15	5.35521859e+15	5.33298860e+15	5.31085088e+15	5.28880506e+15	5.26685075e+15	5.24498758e+15	5.22321516e+15	5.20153312e+15	5.17994109e+15	5.15843869e+15	5.13702554e+15	5.11570129e+15	5.09446555e+15	5.07331796e+15	5.05225816e+15	5.03128578e+15	5.01040046e+15	4.98960183e+15	4.96888955e+15	4.94826324e+15	4.92772255e+15	4.90726713e+15	4.88689662e+15	4.86661067e+15	4.84640893e+15	4.82629105e+15	4.80625668e+15	4.78630547e+15	4.76643709e+15	4.74665118e+15	4.72694740e+15	4.70732541e+15	4.68778488e+15	4.66832546e+15	4.64894682e+15	4.62964862e+15	4.61043053e+15	4.59129222e+15	4.57223335e+15	4.55325360e+15	4.53435263e+15	4.51553012e+15	4.49678575e+15	4.47811919e+15	4.45953011e+15	4.44101820e+15	4.42258313e+15	4.40422459e+15	4.38594225e+15	4.36773581e+15	4.34960495e+15	4.33154934e+15	4.31356869e+15	4.29566268e+15	4.27783099e+15	4.26007333e+15	4.24238938e+15	4.22477884e+15	4.20724140e+15	4.18977676e+15	4.17238462e+15	4.15506468e+15	4.13781663e+15	4.12064018e+15	4.10353503e+15	4.08650088e+15	4.06953745e+15	4.05264443e+15	4.03582154e+15	4.01906848e+15	4.00238496e+15	3.98577070e+15	3.96922541e+15	3.95274880e+15	3.93634058e+15	3.92000047e+15	3.90372820e+15	3.88752347e+15	3.87138601e+15	3.85531553e+15	3.83931177e+15	3.82337444e+15	3.80750327e+15	3.79169798e+15	3.77595830e+15	3.76028396e+15	3.74467468e+15	3.72913019e+15	3.71365024e+15	3.69823454e+15	3.68288283e+15	3.66759486e+15	3.65237034e+15	3.63720902e+15	3.62211064e+15	3.60707493e+15	3.59210163e+15	3.57719050e+15	3.56234126e+15	3.54755366e+15	3.53282744e+15	3.51816235e+15	3.50355814e+15	3.48901456e+15	3.47453134e+15	3.46010825e+15	3.44574503e+15	3.43144143e+15	3.41719721e+15	3.40301211e+15	3.38888590e+15	3.37481833e+15	3.36080915e+15	3.34685813e+15	3.33296502e+15	3.31912958e+15	3.30535158e+15	3.29163076e+15	3.27796691e+15	3.26435977e+15	3.25080912e+15	3.23731472e+15	3.22387633e+15	3.21049373e+15	3.19716668e+15	3.18389495e+15	3.17067832e+15	3.15751654e+15	3.14440941e+15	3.13135668e+15	3.11835814e+15	3.10541355e+15	3.09252270e+15	3.07968536e+15	3.06690131e+15	3.05417032e+15	3.04149218e+15	3.02886668e+15	3.01629358e+15	3.00377267e+15	2.99130374e+15	2.97888657e+15	2.96652094e+15	2.95420664e+15	2.94194346e+15	2.92973119e+15	2.91756961e+15	2.90545852e+15	2.89339770e+15	2.88138694e+15	2.86942604e+15	2.85751480e+15	2.84565300e+15	2.83384043e+15	2.82207691e+15	2.81036221e+15	2.79869614e+15	2.78707850e+15	2.77550909e+15	2.76398770e+15	2.75251414e+15	2.74108820e+15	2.72970970e+15	2.71837843e+15	2.70709419e+15	2.69585680e+15	2.68466605e+15	2.67352176e+15	2.66242373e+15	2.65137177e+15	2.64036569e+15	2.62940529e+15	2.61849039e+15	2.60762080e+15	2.59679633e+15	2.58601680e+15	2.57528201e+15	2.56459178e+15	2.55394593e+15	2.54334427e+15	2.53278662e+15	2.52227279e+15	2.51180261e+15	2.50137589e+15	2.49099245e+15	2.48065212e+15	2.47035471e+15	2.46010004e+15	2.44988794e+15	2.43971824e+15	2.42959075e+15	2.41950530e+15	2.40946171e+15	2.39945982e+15	2.38949944e+15	2.37958041e+15	2.36970256e+15	2.35986571e+15	2.35006970e+15	2.34031435e+15	2.33059949e+15	2.32092496e+15	2.31129059e+15	2.30169622e+15	2.29214167e+15	2.28262678e+15	2.27315139e+15	2.26371533e+15	2.25431845e+15	2.24496057e+15	2.23564153e+15	2.22636118e+15	2.21711936e+15	2.20791589e+15	2.19875064e+15	2.18962342e+15	2.18053410e+15	2.17148250e+15	2.16246848e+15	2.15349188e+15	2.14455254e+15	2.13565031e+15	2.12678503e+15	2.11795656e+15	2.10916473e+15	2.10040940e+15	2.09169041e+15	2.08300761e+15	2.07436086e+15	2.06575000e+15	2.05717488e+15	2.04863537e+15	2.04013130e+15	2.03166253e+15	2.02322891e+15	2.01483031e+15	2.00646656e+15	1.99813754e+15	1.98984309e+15	1.98158307e+15	1.97335734e+15	1.96516576e+15	1.95700818e+15	1.94888446e+15	1.94079446e+15	1.93273805e+15	1.92471508e+15	1.91672541e+15	1.90876891e+15	1.90084544e+15	1.89295486e+15	1.88509703e+15	1.87727183e+15	1.86947910e+15	1.86171872e+15	1.85399056e+15	1.84629448e+15	1.83863034e+15	1.83099802e+15	1.82339739e+15	1.81582830e+15	1.80829063e+15	1.80078425e+15	1.79330904e+15	1.78586485e+15	1.77845156e+15	1.77106905e+15	1.76371718e+15	1.75639583e+15	1.74910487e+15	1.74184418e+15	1.73461363e+15	1.72741309e+15	1.72024244e+15	1.71310156e+15	1.70599032e+15	1.69890860e+15	1.69185628e+15	1.68483323e+15	1.67783934e+15	1.67087447e+15	1.66393852e+15	1.65703136e+15	1.65015288e+15	1.64330294e+15	1.63648145e+15	1.62968826e+15	1.62292328e+15	1.61618638e+15	1.60947744e+15	1.60279636e+15	1.59614300e+15	1.58951727e+15	1.58291904e+15	1.57634820e+15	1.56980464e+15	1.56328824e+15	1.55679889e+15	1.55033647e+15	1.54390089e+15	1.53749201e+15	1.53110975e+15	1.52475397e+15	1.51842458e+15	1.51212146e+15	1.50584451e+15	1.49959361e+15	1.49336867e+15	1.48716956e+15	1.48099618e+15	1.47484843e+15	1.46872620e+15	1.46262939e+15	1.45655788e+15	1.45051158e+15	1.44449037e+15	1.43849416e+15	1.43252285e+15	1.42657631e+15	1.42065447e+15
delta_P: 1.13228513e+16	1.12758491e+16	1.12290420e+16	1.11824293e+16	1.11360100e+16	1.10897834e+16	1.10437487e+16	1.09979051e+16	1.09522518e+16	1.09067880e+16	1.08615130e+16	1.08164259e+16	1.07715259e+16	1.07268123e+16	1.06822844e+16	1.06379412e+16	1.05937822e+16	1.05498064e+16	1.05060132e+16	1.04624018e+16	1.04189714e+16	1.03757214e+16	1.03326508e+16	1.02897590e+16	1.02470453e+16	1.02045089e+16	1.01621491e+16	1.01199651e+16	1.00779562e+16	1.00361217e+16	9.99446082e+15	9.95297291e+15	9.91165722e+15	9.87051304e+15	9.82953965e+15	9.78873634e+15	9.74810241e+15	9.70763716e+15	9.66733988e+15	9.62720988e+15	9.58724646e+15	9.54744894e+15	9.50781661e+15	9.46834881e+15	9.42904484e+15	9.38990402e+15	9.35092568e+15	9.31210915e+15	9.27345374e+15	9.23495880e+15	9.19662365e+15	9.15844763e+15	9.12043009e+15	9.08257036e+15	9.04486779e+15	9.00732173e+15	8.96993152e+15	8.93269653e+15	8.89561610e+15	8.85868959e+15	8.82191637e+15	8.78529580e+15	8.74882724e+15	8.71251007e+15	8.67634366e+15	8.64032737e+15	8.60446059e+15	8.56874270e+15	8.53317307e+15	8.49775110e+15	8.46247617e+15	8.42734767e+15	8.39236499e+15	8.35752752e+15	8.32283467e+15	8.28828583e+15	8.25388041e+15	8.21961781e+15	8.18549743e+15	8.15151869e+15	8.11768100e+15	8.08398377e+15	8.05042643e+15	8.01700838e+15	7.98372905e+15	7.95058787e+15	7.91758427e+15	7.88471766e+15	7.85198748e+15	7.81939317e+15	7.78693417e+15	7.75460990e+15	7.72241981e+15	7.69036335e+15	7.65843996e+15	7.62664908e+15	7.59499018e+15	7.56346269e+15	7.53206607e+15	7.50079978e+15	7.46966329e+15	7.43865604e+15	7.40777751e+15	7.37702715e+15	7.34640445e+15	7.31590886e+15	7.28553986e+15	7.25529693e+15	7.22517953e+15	7.19518716e+15	7.16531929e+15	7.13557540e+15	7.10595498e+15	7.07645752e+15	7.04708251e+15	7.01782943e+15	6.98869779e+15	6.95968707e+15	6.93079678e+15	6.90202642e+15	6.87337549e+15	6.84484348e+15	6.81642992e+15	6.78813430e+15	6.75995615e+15	6.73189496e+15	6.70395025e+15	6.67612155e+15	6.64840837e+15	6.62081022e+15	6.59332664e+15	6.56595715e+15	6.53870127e+15	6.51155853e+15	6.48452846e+15	6.45761060e+15	6.43080447e+15	6.40410962e+15	6.37752559e+15	6.35105190e+15	6.32468811e+15	6.29843376e+15	6.27228839e+15	6.24625156e+15	6.22032280e+15	6.19450168e+15	6.16878775e+15	6.14318055e+15	6.11767965e+15	6.09228461e+15	6.06699499e+15	6.04181035e+15	6.01673025e+15	5.99175425e+15	5.96688194e+15	5.94211288e+15	5.91744663e+15	5.89288277e+15	5.86842089e+15	5.84406054e+15	5.81980132e+15	5.79564280e+15	5.77158456e+15	5.74762619e+15	5.72376728e+15	5.70000740e+15	5.67634616e+15	5.65278313e+15	5.62931792e+15	5.60595011e+15	5.58267931e+15	5.55950510e+15	5.53642709e+15	5.51344488e+15	5.49055808e+15	5.46776627e+15	5.44506908e+15	5.42246611e+15	5.39995696e+15	5.37754125e+15	5.35521859e+15	5.33298860e+15	5.31085088e+15	5.28880506e+15	5.26685075e+15	5.24498758e+15	5.22321516e+15	5.20153312e+15	5.17994109e+15	5.15843869e+15	5.13702554e+15	5.11570129e+15	5.09446555e+15	5.07331796e+15	5.05225816e+15	5.03128578e+15	5.01040046e+15	4.98960183e+15	4.96888955e+15	4.94826324e+15	4.92772255e+15	4.90726713e+15	4.88689662e+15	4.86661067e+15	4.84640893e+15	4.82629105e+15	4.80625668e+15	4.78630547e+15	4.76643709e+15	4.74665118e+15	4.72694740e+15	4.70732541e+15	4.68778488e+15	4.66832546e+15	4.64894682e+15	4.62964862e+15	4.61043053e+15	4.59129222e+15	4.57223335e+15	4.55325360e+15	4.53435263e+15	4.51553012e+15	4.49678575e+15	4.47811919e+15	4.45953011e+15	4.44101820e+15	4.42258313e+15	4.40422459e+15	4.38594225e+15	4.36773581e+15	4.34960495e+15	4.33154934e+15	4.31356869e+15	4.29566268e+15	4.27783099e+15	4.26007333e+15	4.24238938e+15	4.22477884e+15	4.20724140e+15	4.18977676e+15	4.17238462e+15	4.15506468e+15	4.13781663e+15	4.12064018e+15	4.10353503e+15	4.08650088e+15	4.06953745e+15	4.05264443e+15	4.03582154e+15	4.01906848e+15	4.00238496e+15	3.98577070e+15	3.96922541e+15	3.95274880e+15	3.93634058e+15	3.92000047e+15	3.90372820e+15	3.88752347e+15	3.87138601e+15	3.85531553e+15	3.83931177e+15	3.82337444e+15	3.80750327e+15	3.79169798e+15	3.77595830e+15	3.76028396e+15	3.74467468e+15	3.72913019e+15	3.71365024e+15	3.69823454e+15	3.68288283e+15	3.66759486e+15	3.65237034e+15	3.63720902e+15	3.62211064e+15	3.60707493e+15	3.59210163e+15	3.57719050e+15	3.56234126e+15	3.54755366e+15	3.53282744e+15	3.51816235e+15	3.50355814e+15	3.48901456e+15	3.47453134e+15	3.46010825e+15	3.44574503e+15	3.43144143e+15	3.41719721e+15	3.40301211e+15	3.38888590e+15	3.37481833e+15	3.36080915e+15	3.34685813e+15	3.33296502e+15	3.31912958e+15	3.30535158e+15	3.29163076e+15	3.27796691e+15	3.26435977e+15	3.25080912e+15	3.23731472e+15	3.22387633e+15	3.21049373e+15	3.19716668e+15	3.18389495e+15	3.17067832e+15	3.15751654e+15	3.14440941e+15	3.13135668e+15	3.11835814e+15	3.10541355e+15	3.09252270e+15	3.07968536e+15	3.06690131e+15	3.05417032e+15	3.04149218e+15	3.02886668e+15	3.01629358e+15	3.00377267e+15	2.99130374e+15	2.97888657e+15	2.96652094e+15	2.95420664e+15	2.94194346e+15	2.92973119e+15	2.91756961e+15	2.90545852e+15	2.89339770e+15	2.88138694e+15	2.86942604e+15	2.85751480e+15	2.84565300e+15	2.83384043e+15	2.82207691e+15	2.81036221e+15	2.79869614e+15	2.78707850e+15	2.77550909e+15	2.76398770e+15	2.75251414e+15	2.74108820e+15	2.72970970e+15	2.71837843e+15	2.70709419e+15	2.69585680e+15	2.68466605e+15	2.67352176e+15	2.66242373e+15	2.65137177e+15	2.64036569e+15	2.62940529e+15	2.61849039e+15	2.60762080e+15	2.59679633e+15	2.58601680e+15	2.57528201e+15	2.56459178e+15	2.55394593e+15	2.54334427e+15	2.53278662e+15	2.52227279e+15	2.51180261e+15	2.50137589e+15	2.49099245e+15	2.48065212e+15	2.47035471e+15	2.46010004e+15	2.44988794e+15	2.43971824e+15	2.42959075e+15	2.41950530e+15	2.40946171e+15	2.39945982e+15	2.38949944e+15	2.37958041e+15	2.36970256e+15	2.35986571e+15	2.35006970e+15	2.34031435e+15	2.33059949e+15	2.32092496e+15	2.31129059e+15	2.30169622e+15	2.29214167e+15	2.28262678e+15	2.27315139e+15	2.26371533e+15	2.25431845e+15	2.24496057e+15	2.23564153e+15	2.22636118e+15	2.21711936e+15	2.20791589e+15	2.19875064e+15	2.18962342e+15	2.18053410e+15	2.17148250e+15	2.16246848e+15	2.15349188e+15	2.14455254e+15	2.13565031e+15	2.12678503e+15	2.11795656e+15	2.10916473e+15	2.10040940e+15	2.09169041e+15	2.08300761e+15	2.07436086e+15	2.06575000e+15	2.05717488e+15	2.04863537e+15	2.04013130e+15	2.03166253e+15	2.02322891e+15	2.01483031e+15	2.00646656e+15	1.99813754e+15	1.98984309e+15	1.98158307e+15	1.97335734e+15	1.96516576e+15	1.95700818e+15	1.94888446e+15	1.94079446e+15	1.93273805e+15	1.92471508e+15	1.91672541e+15	1.90876891e+15	1.90084544e+15	1.89295486e+15	1.88509703e+15	1.87727183e+15	1.86947910e+15	1.86171872e+15	1.85399056e+15	1.84629448e+15	1.83863034e+15	1.83099802e+15	1.82339739e+15	1.81582830e+15	1.80829063e+15	1.80078425e+15	1.79330904e+15	1.78586485e+15	1.77845156e+15	1.77106905e+15	1.76371718e+15	1.75639583e+15	1.74910487e+15	1.74184418e+15	1.73461363e+15	1.72741309e+15	1.72024244e+15	1.71310156e+15	1.70599032e+15	1.69890860e+15	1.69185628e+15	1.68483323e+15	1.67783934e+15	1.67087447e+15	1.66393852e+15	1.65703136e+15	1.65015288e+15	1.64330294e+15	1.63648145e+15	1.62968826e+15	1.62292328e+15	1.61618638e+15	1.60947744e+15	1.60279636e+15	1.59614300e+15	1.58951727e+15	1.58291904e+15	1.57634820e+15	1.56980464e+15	1.56328824e+15	1.55679889e+15	1.55033647e+15	1.54390089e+15	1.53749201e+15	1.53110975e+15	1.52475397e+15	1.51842458e+15	1.51212146e+15	1.50584451e+15	1.49959361e+15	1.49336867e+15	1.48716956e+15	1.48099618e+15	1.47484843e+15	1.46872620e+15	1.46262939e+15	1.45655788e+15	1.45051158e+15	1.44449037e+15	1.43849416e+15	1.43252285e+15	1.42657631e+15	1.42065447e+15
Ec: 0.0
electron_affinity: 0.0
p$ Laser Parameters
A0: 1240.0
Eg: 1.0
Pulse_Wavelength: 325.0
Power: 1000.0
Spotsize: 0.009999999999999998
Pulse_Freq: 30.0
p$ Laser Options
long_expfactor: 1
incidence: direct
power_mode: power-spot
