$$ INITIAL CONDITION FILE CREATED ON 2021-05-25 AT 16:37:27.247480
System_class: OneLayer
$ Space Grid:
Total_length: 1000.0
Node_width: 5.0
$ System Parameters:
mu_N: 5.0
mu_P: 40.0
N0: 100000000.0
P0: 100000000.0
B: 0.0
tau_N: 10000000000.0
tau_P: 10000000000.0
Sf: 0.0
Sb: 0.0
temperature: 300.0
rel_permitivity: 10.0
Ext_E-Field: 0.0
back_reflectivity: 0.0
alpha: 0.0
delta: 0.0
frac_emitted: 1.0
delta_N: 9.75309912e+17	9.27743486e+17	8.82496903e+17	8.39457021e+17	7.98516219e+17	7.59572123e+17	7.22527354e+17	6.87289279e+17	6.53769785e+17	6.21885056e+17	5.91555364e+17	5.62704869e+17	5.35261429e+17	5.09156421e+17	4.84324569e+17	4.60703781e+17	4.38234992e+17	4.16862020e+17	3.96531419e+17	3.77192354e+17	3.58796465e+17	3.41297755e+17	3.24652467e+17	3.08818980e+17	2.93757700e+17	2.79430968e+17	2.65802959e+17	2.52839596e+17	2.40508463e+17	2.28778727e+17	2.17621057e+17	2.07007553e+17	1.96911675e+17	1.87308179e+17	1.78173052e+17	1.69483449e+17	1.61217644e+17	1.53354967e+17	1.45875757e+17	1.38761312e+17	1.31993843e+17	1.25556427e+17	1.19432968e+17	1.13608154e+17	1.08067419e+17	1.02796908e+17	9.77834441e+16	9.30144892e+16	8.84781190e+16	8.41629903e+16	8.00583128e+16	7.61538228e+16	7.24397570e+16	6.89068284e+16	6.55462027e+16	6.23494767e+16	5.93086568e+16	5.64161395e+16	5.36646919e+16	5.10474340e+16	4.85578213e+16	4.61896284e+16	4.39369336e+16	4.17941041e+16	3.97557816e+16	3.78168692e+16	3.59725188e+16	3.42181183e+16	3.25492810e+16	3.09618338e+16	2.94518074e+16	2.80154258e+16	2.66490973e+16	2.53494055e+16	2.41131004e+16	2.29370906e+16	2.18184355e+16	2.07543379e+16	1.97421369e+16	1.87793015e+16	1.78634242e+16	1.69922147e+16	1.61634946e+16	1.53751917e+16	1.46253347e+16	1.39120487e+16	1.32335501e+16	1.25881422e+16	1.19742113e+16	1.13902221e+16	1.08347144e+16	1.03062992e+16	9.80365504e+15	9.32552514e+15	8.87071391e+15	8.43808409e+15	8.02655387e+15	7.63509422e+15	7.26272628e+15	6.90851894e+15	6.57158649e+15	6.25108644e+15	5.94621736e+15	5.65621691e+15	5.38035996e+15	5.11795671e+15	4.86835101e+15	4.63091873e+15	4.40506616e+15	4.19022855e+15	3.98586869e+15	3.79147558e+15	3.60656314e+15	3.43066898e+15	3.26335328e+15	3.10419766e+15	2.95280415e+15	2.80879419e+15	2.67180769e+15	2.54150209e+15	2.41755157e+15	2.29964619e+15	2.18749112e+15	2.08080592e+15	1.97932382e+15	1.88279105e+15	1.79096625e+15	1.70361980e+15	1.62053328e+15	1.54149894e+15	1.46631915e+15	1.39480592e+15	1.32678043e+15	1.26207259e+15	1.20052058e+15	1.14197050e+15	1.08627594e+15	1.03329764e+15	9.82903118e+14	9.34966367e+14	8.89367520e+14	8.45992554e+14	8.04733010e+14	7.65485718e+14	7.28152539e+14	6.92640121e+14	6.58859663e+14	6.26726698e+14	5.96160877e+14	5.67085768e+14	5.39428668e+14	5.13120422e+14	4.88095244e+14	4.64290558e+14	4.41646840e+14	4.20107469e+14	3.99618586e+14	3.80128958e+14	3.61589850e+14	3.43954905e+14	3.27180026e+14	3.11223268e+14	2.96044730e+14	2.81606458e+14	2.67872349e+14	2.54808061e+14	2.42380925e+14	2.30559868e+14	2.19315330e+14	2.08619195e+14	1.98444717e+14	1.88766454e+14	1.79560205e+14	1.70802951e+14	1.62472793e+14	1.54548901e+14	1.47011462e+14	1.39841629e+14	1.33021472e+14	1.26533938e+14	1.20362805e+14	1.14492642e+14	1.08908770e+14	1.03597226e+14	9.85447301e+13	9.37386469e+13	8.91669592e+13	8.48182352e+13	8.06816011e+13	7.67467130e+13	7.30037316e+13	6.94432976e+13	6.60565080e+13	6.28348941e+13	5.97704002e+13	5.68553634e+13	5.40824946e+13	5.14448602e+13	4.89358647e+13	4.65492345e+13
delta_P: 9.75309912e+17	9.27743486e+17	8.82496903e+17	8.39457021e+17	7.98516219e+17	7.59572123e+17	7.22527354e+17	6.87289279e+17	6.53769785e+17	6.21885056e+17	5.91555364e+17	5.62704869e+17	5.35261429e+17	5.09156421e+17	4.84324569e+17	4.60703781e+17	4.38234992e+17	4.16862020e+17	3.96531419e+17	3.77192354e+17	3.58796465e+17	3.41297755e+17	3.24652467e+17	3.08818980e+17	2.93757700e+17	2.79430968e+17	2.65802959e+17	2.52839596e+17	2.40508463e+17	2.28778727e+17	2.17621057e+17	2.07007553e+17	1.96911675e+17	1.87308179e+17	1.78173052e+17	1.69483449e+17	1.61217644e+17	1.53354967e+17	1.45875757e+17	1.38761312e+17	1.31993843e+17	1.25556427e+17	1.19432968e+17	1.13608154e+17	1.08067419e+17	1.02796908e+17	9.77834441e+16	9.30144892e+16	8.84781190e+16	8.41629903e+16	8.00583128e+16	7.61538228e+16	7.24397570e+16	6.89068284e+16	6.55462027e+16	6.23494767e+16	5.93086568e+16	5.64161395e+16	5.36646919e+16	5.10474340e+16	4.85578213e+16	4.61896284e+16	4.39369336e+16	4.17941041e+16	3.97557816e+16	3.78168692e+16	3.59725188e+16	3.42181183e+16	3.25492810e+16	3.09618338e+16	2.94518074e+16	2.80154258e+16	2.66490973e+16	2.53494055e+16	2.41131004e+16	2.29370906e+16	2.18184355e+16	2.07543379e+16	1.97421369e+16	1.87793015e+16	1.78634242e+16	1.69922147e+16	1.61634946e+16	1.53751917e+16	1.46253347e+16	1.39120487e+16	1.32335501e+16	1.25881422e+16	1.19742113e+16	1.13902221e+16	1.08347144e+16	1.03062992e+16	9.80365504e+15	9.32552514e+15	8.87071391e+15	8.43808409e+15	8.02655387e+15	7.63509422e+15	7.26272628e+15	6.90851894e+15	6.57158649e+15	6.25108644e+15	5.94621736e+15	5.65621691e+15	5.38035996e+15	5.11795671e+15	4.86835101e+15	4.63091873e+15	4.40506616e+15	4.19022855e+15	3.98586869e+15	3.79147558e+15	3.60656314e+15	3.43066898e+15	3.26335328e+15	3.10419766e+15	2.95280415e+15	2.80879419e+15	2.67180769e+15	2.54150209e+15	2.41755157e+15	2.29964619e+15	2.18749112e+15	2.08080592e+15	1.97932382e+15	1.88279105e+15	1.79096625e+15	1.70361980e+15	1.62053328e+15	1.54149894e+15	1.46631915e+15	1.39480592e+15	1.32678043e+15	1.26207259e+15	1.20052058e+15	1.14197050e+15	1.08627594e+15	1.03329764e+15	9.82903118e+14	9.34966367e+14	8.89367520e+14	8.45992554e+14	8.04733010e+14	7.65485718e+14	7.28152539e+14	6.92640121e+14	6.58859663e+14	6.26726698e+14	5.96160877e+14	5.67085768e+14	5.39428668e+14	5.13120422e+14	4.88095244e+14	4.64290558e+14	4.41646840e+14	4.20107469e+14	3.99618586e+14	3.80128958e+14	3.61589850e+14	3.43954905e+14	3.27180026e+14	3.11223268e+14	2.96044730e+14	2.81606458e+14	2.67872349e+14	2.54808061e+14	2.42380925e+14	2.30559868e+14	2.19315330e+14	2.08619195e+14	1.98444717e+14	1.88766454e+14	1.79560205e+14	1.70802951e+14	1.62472793e+14	1.54548901e+14	1.47011462e+14	1.39841629e+14	1.33021472e+14	1.26533938e+14	1.20362805e+14	1.14492642e+14	1.08908770e+14	1.03597226e+14	9.85447301e+13	9.37386469e+13	8.91669592e+13	8.48182352e+13	8.06816011e+13	7.67467130e+13	7.30037316e+13	6.94432976e+13	6.60565080e+13	6.28348941e+13	5.97704002e+13	5.68553634e+13	5.40824946e+13	5.14448602e+13	4.89358647e+13	4.65492345e+13
Ec: 0.0
electron_affinity: 0.0
$ System Flags:
ignore_recycle: 1
check_do_ss: 0
symmetric_system: 0
