$$ INITIAL CONDITION FILE CREATED ON 2021-06-13 AT 16:19:31.363723
System_class: OneLayer
f$ System Flags:
ignore_recycle: 1
check_do_ss: 0
symmetric_system: 0
L$: OneLayer
p$ Space Grid:
Total_length: 311.0
Node_width: 2.4296875
p$ System Parameters:
mu_N: 20.0
mu_P: 20.0
N0: 100000000.0
P0: 3000000000000000.0
B: 4.8e-11
tau_N: 511.0
tau_P: 871.0
Sf: 10.0
Sb: 10.0
temperature: 300.0
rel_permitivity: 10.0
Ext_E-Field: 0.0
back_reflectivity: 0.0
alpha: 0.0
delta: 0.0
frac_emitted: 1.0
delta_N: 1.14556537e+17	1.12898632e+17	1.11264720e+17	1.09654455e+17	1.08067494e+17	1.06503500e+17	1.04962141e+17	1.03443090e+17	1.01946022e+17	1.00470621e+17	9.90165717e+16	9.75835664e+16	9.61713001e+16	9.47794726e+16	9.34077882e+16	9.20559553e+16	9.07236867e+16	8.94106991e+16	8.81167136e+16	8.68414552e+16	8.55846528e+16	8.43460393e+16	8.31253515e+16	8.19223299e+16	8.07367189e+16	7.95682666e+16	7.84167245e+16	7.72818480e+16	7.61633958e+16	7.50611303e+16	7.39748172e+16	7.29042256e+16	7.18491281e+16	7.08093003e+16	6.97845213e+16	6.87745733e+16	6.77792416e+16	6.67983148e+16	6.58315843e+16	6.48788446e+16	6.39398934e+16	6.30145311e+16	6.21025609e+16	6.12037892e+16	6.03180248e+16	5.94450795e+16	5.85847678e+16	5.77369068e+16	5.69013165e+16	5.60778191e+16	5.52662396e+16	5.44664057e+16	5.36781472e+16	5.29012968e+16	5.21356892e+16	5.13811617e+16	5.06375541e+16	4.99047083e+16	4.91824684e+16	4.84706811e+16	4.77691951e+16	4.70778612e+16	4.63965326e+16	4.57250644e+16	4.50633139e+16	4.44111406e+16	4.37684057e+16	4.31349728e+16	4.25107071e+16	4.18954761e+16	4.12891489e+16	4.06915967e+16	4.01026925e+16	3.95223112e+16	3.89503293e+16	3.83866254e+16	3.78310796e+16	3.72835739e+16	3.67439919e+16	3.62122190e+16	3.56881420e+16	3.51716497e+16	3.46626323e+16	3.41609815e+16	3.36665909e+16	3.31793552e+16	3.26991710e+16	3.22259363e+16	3.17595503e+16	3.12999141e+16	3.08469299e+16	3.04005014e+16	2.99605338e+16	2.95269337e+16	2.90996087e+16	2.86784681e+16	2.82634225e+16	2.78543835e+16	2.74512644e+16	2.70539793e+16	2.66624438e+16	2.62765748e+16	2.58962903e+16	2.55215094e+16	2.51521524e+16	2.47881410e+16	2.44293976e+16	2.40758461e+16	2.37274114e+16	2.33840193e+16	2.30455969e+16	2.27120723e+16	2.23833746e+16	2.20594339e+16	2.17401814e+16	2.14255493e+16	2.11154706e+16	2.08098795e+16	2.05087111e+16	2.02119013e+16	1.99193870e+16	1.96311061e+16	1.93469973e+16	1.90670002e+16	1.87910553e+16	1.85191041e+16	1.82510886e+16	1.79869519e+16
delta_P: 1.14556537e+17	1.12898632e+17	1.11264720e+17	1.09654455e+17	1.08067494e+17	1.06503500e+17	1.04962141e+17	1.03443090e+17	1.01946022e+17	1.00470621e+17	9.90165717e+16	9.75835664e+16	9.61713001e+16	9.47794726e+16	9.34077882e+16	9.20559553e+16	9.07236867e+16	8.94106991e+16	8.81167136e+16	8.68414552e+16	8.55846528e+16	8.43460393e+16	8.31253515e+16	8.19223299e+16	8.07367189e+16	7.95682666e+16	7.84167245e+16	7.72818480e+16	7.61633958e+16	7.50611303e+16	7.39748172e+16	7.29042256e+16	7.18491281e+16	7.08093003e+16	6.97845213e+16	6.87745733e+16	6.77792416e+16	6.67983148e+16	6.58315843e+16	6.48788446e+16	6.39398934e+16	6.30145311e+16	6.21025609e+16	6.12037892e+16	6.03180248e+16	5.94450795e+16	5.85847678e+16	5.77369068e+16	5.69013165e+16	5.60778191e+16	5.52662396e+16	5.44664057e+16	5.36781472e+16	5.29012968e+16	5.21356892e+16	5.13811617e+16	5.06375541e+16	4.99047083e+16	4.91824684e+16	4.84706811e+16	4.77691951e+16	4.70778612e+16	4.63965326e+16	4.57250644e+16	4.50633139e+16	4.44111406e+16	4.37684057e+16	4.31349728e+16	4.25107071e+16	4.18954761e+16	4.12891489e+16	4.06915967e+16	4.01026925e+16	3.95223112e+16	3.89503293e+16	3.83866254e+16	3.78310796e+16	3.72835739e+16	3.67439919e+16	3.62122190e+16	3.56881420e+16	3.51716497e+16	3.46626323e+16	3.41609815e+16	3.36665909e+16	3.31793552e+16	3.26991710e+16	3.22259363e+16	3.17595503e+16	3.12999141e+16	3.08469299e+16	3.04005014e+16	2.99605338e+16	2.95269337e+16	2.90996087e+16	2.86784681e+16	2.82634225e+16	2.78543835e+16	2.74512644e+16	2.70539793e+16	2.66624438e+16	2.62765748e+16	2.58962903e+16	2.55215094e+16	2.51521524e+16	2.47881410e+16	2.44293976e+16	2.40758461e+16	2.37274114e+16	2.33840193e+16	2.30455969e+16	2.27120723e+16	2.23833746e+16	2.20594339e+16	2.17401814e+16	2.14255493e+16	2.11154706e+16	2.08098795e+16	2.05087111e+16	2.02119013e+16	1.99193870e+16	1.96311061e+16	1.93469973e+16	1.90670002e+16	1.87910553e+16	1.85191041e+16	1.82510886e+16	1.79869519e+16
Ec: 0.0
electron_affinity: 0.0
p$ Laser Parameters
LGC_absorption_cof: 60000.0
Power_Density: 15.399999999999995
Pulse_Wavelength: 496.0
Pulse_Freq: 0.02
p$ Laser Options
long_expfactor: 0
incidence: 
power_mode: density
