$$ INITIAL CONDITION FILE CREATED ON 2021-06-13 AT 16:18:49.911113
System_class: OneLayer
f$ System Flags:
ignore_recycle: 1
check_do_ss: 0
symmetric_system: 0
L$: OneLayer
p$ Space Grid:
Total_length: 311.0
Node_width: 2.4296875
p$ System Parameters:
mu_N: 20.0
mu_P: 20.0
N0: 100000000.0
P0: 3000000000000000.0
B: 4.8e-11
tau_N: 511.0
tau_P: 871.0
Sf: 10.0
Sb: 10.0
temperature: 300.0
rel_permitivity: 10.0
Ext_E-Field: 0.0
back_reflectivity: 0.0
alpha: 0.0
delta: 0.0
frac_emitted: 1.0
delta_N: 1.26458515e+16	1.24628360e+16	1.22824691e+16	1.21047126e+16	1.19295286e+16	1.17568799e+16	1.15867299e+16	1.14190424e+16	1.12537816e+16	1.10909127e+16	1.09304008e+16	1.07722119e+16	1.06163123e+16	1.04626691e+16	1.03112493e+16	1.01620210e+16	1.00149524e+16	9.87001224e+15	9.72716969e+15	9.58639441e+15	9.44765648e+15	9.31092641e+15	9.17617516e+15	9.04337408e+15	8.91249495e+15	8.78350995e+15	8.65639166e+15	8.53111309e+15	8.40764759e+15	8.28596893e+15	8.16605125e+15	8.04786906e+15	7.93139726e+15	7.81661107e+15	7.70348612e+15	7.59199835e+15	7.48212407e+15	7.37383994e+15	7.26712294e+15	7.16195038e+15	7.05829993e+15	6.95614954e+15	6.85547751e+15	6.75626244e+15	6.65848325e+15	6.56211916e+15	6.46714969e+15	6.37355465e+15	6.28131415e+15	6.19040860e+15	6.10081866e+15	6.01252530e+15	5.92550976e+15	5.83975354e+15	5.75523841e+15	5.67194643e+15	5.58985987e+15	5.50896130e+15	5.42923353e+15	5.35065960e+15	5.27322283e+15	5.19690675e+15	5.12169515e+15	5.04757204e+15	4.97452167e+15	4.90252851e+15	4.83157726e+15	4.76165284e+15	4.69274040e+15	4.62482528e+15	4.55789306e+15	4.49192951e+15	4.42692060e+15	4.36285253e+15	4.29971168e+15	4.23748462e+15	4.17615814e+15	4.11571920e+15	4.05615495e+15	3.99745274e+15	3.93960009e+15	3.88258471e+15	3.82639447e+15	3.77101744e+15	3.71644185e+15	3.66265610e+15	3.60964875e+15	3.55740855e+15	3.50592438e+15	3.45518532e+15	3.40518057e+15	3.35589951e+15	3.30733166e+15	3.25946670e+15	3.21229447e+15	3.16580492e+15	3.11998820e+15	3.07483455e+15	3.03033438e+15	2.98647823e+15	2.94325679e+15	2.90066086e+15	2.85868140e+15	2.81730948e+15	2.77653631e+15	2.73635322e+15	2.69675168e+15	2.65772327e+15	2.61925970e+15	2.58135278e+15	2.54399446e+15	2.50717681e+15	2.47089200e+15	2.43513231e+15	2.39989016e+15	2.36515804e+15	2.33092858e+15	2.29719450e+15	2.26394863e+15	2.23118391e+15	2.19889337e+15	2.16707015e+15	2.13570749e+15	2.10479872e+15	2.07433728e+15	2.04431668e+15	2.01473056e+15	1.98557262e+15
delta_P: 1.26458515e+16	1.24628360e+16	1.22824691e+16	1.21047126e+16	1.19295286e+16	1.17568799e+16	1.15867299e+16	1.14190424e+16	1.12537816e+16	1.10909127e+16	1.09304008e+16	1.07722119e+16	1.06163123e+16	1.04626691e+16	1.03112493e+16	1.01620210e+16	1.00149524e+16	9.87001224e+15	9.72716969e+15	9.58639441e+15	9.44765648e+15	9.31092641e+15	9.17617516e+15	9.04337408e+15	8.91249495e+15	8.78350995e+15	8.65639166e+15	8.53111309e+15	8.40764759e+15	8.28596893e+15	8.16605125e+15	8.04786906e+15	7.93139726e+15	7.81661107e+15	7.70348612e+15	7.59199835e+15	7.48212407e+15	7.37383994e+15	7.26712294e+15	7.16195038e+15	7.05829993e+15	6.95614954e+15	6.85547751e+15	6.75626244e+15	6.65848325e+15	6.56211916e+15	6.46714969e+15	6.37355465e+15	6.28131415e+15	6.19040860e+15	6.10081866e+15	6.01252530e+15	5.92550976e+15	5.83975354e+15	5.75523841e+15	5.67194643e+15	5.58985987e+15	5.50896130e+15	5.42923353e+15	5.35065960e+15	5.27322283e+15	5.19690675e+15	5.12169515e+15	5.04757204e+15	4.97452167e+15	4.90252851e+15	4.83157726e+15	4.76165284e+15	4.69274040e+15	4.62482528e+15	4.55789306e+15	4.49192951e+15	4.42692060e+15	4.36285253e+15	4.29971168e+15	4.23748462e+15	4.17615814e+15	4.11571920e+15	4.05615495e+15	3.99745274e+15	3.93960009e+15	3.88258471e+15	3.82639447e+15	3.77101744e+15	3.71644185e+15	3.66265610e+15	3.60964875e+15	3.55740855e+15	3.50592438e+15	3.45518532e+15	3.40518057e+15	3.35589951e+15	3.30733166e+15	3.25946670e+15	3.21229447e+15	3.16580492e+15	3.11998820e+15	3.07483455e+15	3.03033438e+15	2.98647823e+15	2.94325679e+15	2.90066086e+15	2.85868140e+15	2.81730948e+15	2.77653631e+15	2.73635322e+15	2.69675168e+15	2.65772327e+15	2.61925970e+15	2.58135278e+15	2.54399446e+15	2.50717681e+15	2.47089200e+15	2.43513231e+15	2.39989016e+15	2.36515804e+15	2.33092858e+15	2.29719450e+15	2.26394863e+15	2.23118391e+15	2.19889337e+15	2.16707015e+15	2.13570749e+15	2.10479872e+15	2.07433728e+15	2.04431668e+15	2.01473056e+15	1.98557262e+15
Ec: 0.0
electron_affinity: 0.0
p$ Laser Parameters
LGC_absorption_cof: 60000.0
Power_Density: 1.6999999999999997
Pulse_Wavelength: 496.0
Pulse_Freq: 0.02
p$ Laser Options
long_expfactor: 0
incidence: 
power_mode: density
