$$ INITIAL CONDITION FILE CREATED ON 2021-06-13 AT 16:13:38.301037
System_class: OneLayer
f$ System Flags:
ignore_recycle: 1
check_do_ss: 0
symmetric_system: 0
L$: OneLayer
p$ Space Grid:
Total_length: 1000.0
Node_width: 5.0
p$ System Parameters:
mu_N: 0.0
mu_P: 0.0
N0: 100000000.0
P0: 100000000.0
B: 0.0
tau_N: 10.0
tau_P: 10.0
Sf: 0.0
Sb: 0.0
temperature: 300.0
rel_permitivity: 10.0
Ext_E-Field: 0.0
back_reflectivity: 0.0
alpha: 0.0
delta: 0.0
frac_emitted: 1.0
delta_N: 1.00000000e+16	1.00000000e+16	1.00000000e+16	1.00000000e+16	1.00000000e+16	1.00000000e+16	1.00000000e+16	1.00000000e+16	1.00000000e+16	1.00000000e+16	1.00000000e+16	1.00000000e+16	1.00000000e+16	1.00000000e+16	1.00000000e+16	1.00000000e+16	1.00000000e+16	1.00000000e+16	1.00000000e+16	1.00000000e+16	1.00000000e+16	1.00000000e+16	1.00000000e+16	1.00000000e+16	1.00000000e+16	1.00000000e+16	1.00000000e+16	1.00000000e+16	1.00000000e+16	1.00000000e+16	1.00000000e+16	1.00000000e+16	1.00000000e+16	1.00000000e+16	1.00000000e+16	1.00000000e+16	1.00000000e+16	1.00000000e+16	1.00000000e+16	1.00000000e+16	1.00000000e+16	1.00000000e+16	1.00000000e+16	1.00000000e+16	1.00000000e+16	1.00000000e+16	1.00000000e+16	1.00000000e+16	1.00000000e+16	1.00000000e+16	1.00000000e+16	1.00000000e+16	1.00000000e+16	1.00000000e+16	1.00000000e+16	1.00000000e+16	1.00000000e+16	1.00000000e+16	1.00000000e+16	1.00000000e+16	1.00000000e+16	1.00000000e+16	1.00000000e+16	1.00000000e+16	1.00000000e+16	1.00000000e+16	1.00000000e+16	1.00000000e+16	1.00000000e+16	1.00000000e+16	1.00000000e+16	1.00000000e+16	1.00000000e+16	1.00000000e+16	1.00000000e+16	1.00000000e+16	1.00000000e+16	1.00000000e+16	1.00000000e+16	1.00000000e+16	1.00000000e+16	1.00000000e+16	1.00000000e+16	1.00000000e+16	1.00000000e+16	1.00000000e+16	1.00000000e+16	1.00000000e+16	1.00000000e+16	1.00000000e+16	1.00000000e+16	1.00000000e+16	1.00000000e+16	1.00000000e+16	1.00000000e+16	1.00000000e+16	1.00000000e+16	1.00000000e+16	1.00000000e+16	1.00000000e+16	1.00000000e+16	1.00000000e+16	1.00000000e+16	1.00000000e+16	1.00000000e+16	1.00000000e+16	1.00000000e+16	1.00000000e+16	1.00000000e+16	1.00000000e+16	1.00000000e+16	1.00000000e+16	1.00000000e+16	1.00000000e+16	1.00000000e+16	1.00000000e+16	1.00000000e+16	1.00000000e+16	1.00000000e+16	1.00000000e+16	1.00000000e+16	1.00000000e+16	1.00000000e+16	1.00000000e+16	1.00000000e+16	1.00000000e+16	1.00000000e+16	1.00000000e+16	1.00000000e+16	1.00000000e+16	1.00000000e+16	1.00000000e+16	1.00000000e+16	1.00000000e+16	1.00000000e+16	1.00000000e+16	1.00000000e+16	1.00000000e+16	1.00000000e+16	1.00000000e+16	1.00000000e+16	1.00000000e+16	1.00000000e+16	1.00000000e+16	1.00000000e+16	1.00000000e+16	1.00000000e+16	1.00000000e+16	1.00000000e+16	1.00000000e+16	1.00000000e+16	1.00000000e+16	1.00000000e+16	1.00000000e+16	1.00000000e+16	1.00000000e+16	1.00000000e+16	1.00000000e+16	1.00000000e+16	1.00000000e+16	1.00000000e+16	1.00000000e+16	1.00000000e+16	1.00000000e+16	1.00000000e+16	1.00000000e+16	1.00000000e+16	1.00000000e+16	1.00000000e+16	1.00000000e+16	1.00000000e+16	1.00000000e+16	1.00000000e+16	1.00000000e+16	1.00000000e+16	1.00000000e+16	1.00000000e+16	1.00000000e+16	1.00000000e+16	1.00000000e+16	1.00000000e+16	1.00000000e+16	1.00000000e+16	1.00000000e+16	1.00000000e+16	1.00000000e+16	1.00000000e+16	1.00000000e+16	1.00000000e+16	1.00000000e+16	1.00000000e+16	1.00000000e+16	1.00000000e+16	1.00000000e+16	1.00000000e+16	1.00000000e+16	1.00000000e+16	1.00000000e+16	1.00000000e+16	1.00000000e+16
delta_P: 1.00000000e+16	1.00000000e+16	1.00000000e+16	1.00000000e+16	1.00000000e+16	1.00000000e+16	1.00000000e+16	1.00000000e+16	1.00000000e+16	1.00000000e+16	1.00000000e+16	1.00000000e+16	1.00000000e+16	1.00000000e+16	1.00000000e+16	1.00000000e+16	1.00000000e+16	1.00000000e+16	1.00000000e+16	1.00000000e+16	1.00000000e+16	1.00000000e+16	1.00000000e+16	1.00000000e+16	1.00000000e+16	1.00000000e+16	1.00000000e+16	1.00000000e+16	1.00000000e+16	1.00000000e+16	1.00000000e+16	1.00000000e+16	1.00000000e+16	1.00000000e+16	1.00000000e+16	1.00000000e+16	1.00000000e+16	1.00000000e+16	1.00000000e+16	1.00000000e+16	1.00000000e+16	1.00000000e+16	1.00000000e+16	1.00000000e+16	1.00000000e+16	1.00000000e+16	1.00000000e+16	1.00000000e+16	1.00000000e+16	1.00000000e+16	1.00000000e+16	1.00000000e+16	1.00000000e+16	1.00000000e+16	1.00000000e+16	1.00000000e+16	1.00000000e+16	1.00000000e+16	1.00000000e+16	1.00000000e+16	1.00000000e+16	1.00000000e+16	1.00000000e+16	1.00000000e+16	1.00000000e+16	1.00000000e+16	1.00000000e+16	1.00000000e+16	1.00000000e+16	1.00000000e+16	1.00000000e+16	1.00000000e+16	1.00000000e+16	1.00000000e+16	1.00000000e+16	1.00000000e+16	1.00000000e+16	1.00000000e+16	1.00000000e+16	1.00000000e+16	1.00000000e+16	1.00000000e+16	1.00000000e+16	1.00000000e+16	1.00000000e+16	1.00000000e+16	1.00000000e+16	1.00000000e+16	1.00000000e+16	1.00000000e+16	1.00000000e+16	1.00000000e+16	1.00000000e+16	1.00000000e+16	1.00000000e+16	1.00000000e+16	1.00000000e+16	1.00000000e+16	1.00000000e+16	1.00000000e+16	1.00000000e+16	1.00000000e+16	1.00000000e+16	1.00000000e+16	1.00000000e+16	1.00000000e+16	1.00000000e+16	1.00000000e+16	1.00000000e+16	1.00000000e+16	1.00000000e+16	1.00000000e+16	1.00000000e+16	1.00000000e+16	1.00000000e+16	1.00000000e+16	1.00000000e+16	1.00000000e+16	1.00000000e+16	1.00000000e+16	1.00000000e+16	1.00000000e+16	1.00000000e+16	1.00000000e+16	1.00000000e+16	1.00000000e+16	1.00000000e+16	1.00000000e+16	1.00000000e+16	1.00000000e+16	1.00000000e+16	1.00000000e+16	1.00000000e+16	1.00000000e+16	1.00000000e+16	1.00000000e+16	1.00000000e+16	1.00000000e+16	1.00000000e+16	1.00000000e+16	1.00000000e+16	1.00000000e+16	1.00000000e+16	1.00000000e+16	1.00000000e+16	1.00000000e+16	1.00000000e+16	1.00000000e+16	1.00000000e+16	1.00000000e+16	1.00000000e+16	1.00000000e+16	1.00000000e+16	1.00000000e+16	1.00000000e+16	1.00000000e+16	1.00000000e+16	1.00000000e+16	1.00000000e+16	1.00000000e+16	1.00000000e+16	1.00000000e+16	1.00000000e+16	1.00000000e+16	1.00000000e+16	1.00000000e+16	1.00000000e+16	1.00000000e+16	1.00000000e+16	1.00000000e+16	1.00000000e+16	1.00000000e+16	1.00000000e+16	1.00000000e+16	1.00000000e+16	1.00000000e+16	1.00000000e+16	1.00000000e+16	1.00000000e+16	1.00000000e+16	1.00000000e+16	1.00000000e+16	1.00000000e+16	1.00000000e+16	1.00000000e+16	1.00000000e+16	1.00000000e+16	1.00000000e+16	1.00000000e+16	1.00000000e+16	1.00000000e+16	1.00000000e+16	1.00000000e+16	1.00000000e+16	1.00000000e+16	1.00000000e+16	1.00000000e+16	1.00000000e+16	1.00000000e+16	1.00000000e+16
Ec: 0.0
electron_affinity: 0.0
