$$ INITIAL CONDITION FILE CREATED ON 2021-06-13 AT 16:15:47.989121
System_class: OneLayer
f$ System Flags:
ignore_recycle: 1
check_do_ss: 0
symmetric_system: 0
L$: OneLayer
p$ Space Grid:
Total_length: 1000.0
Node_width: 5.0
p$ System Parameters:
mu_N: 5.0
mu_P: 40.0
N0: 100000000.0
P0: 100000000.0
B: 0.0
tau_N: 10000000000.0
tau_P: 10000000000.0
Sf: 0.0
Sb: 0.0
temperature: 300.0
rel_permitivity: 10.0
Ext_E-Field: 0.0
back_reflectivity: 0.0
alpha: 0.0
delta: 0.0
frac_emitted: 1.0
delta_N: 9.87577800e+17	9.63194418e+17	9.39413063e+17	9.16218872e+17	8.93597347e+17	8.71534350e+17	8.50016090e+17	8.29029118e+17	8.08560316e+17	7.88596891e+17	7.69126364e+17	7.50136567e+17	7.31615629e+17	7.13551975e+17	6.95934314e+17	6.78751634e+17	6.61993197e+17	6.45648526e+17	6.29707408e+17	6.14159876e+17	5.98996215e+17	5.84206946e+17	5.69782825e+17	5.55714837e+17	5.41994188e+17	5.28612304e+17	5.15560820e+17	5.02831578e+17	4.90416622e+17	4.78308193e+17	4.66498721e+17	4.54980827e+17	4.43747310e+17	4.32791150e+17	4.22105498e+17	4.11683677e+17	4.01519170e+17	3.91605627e+17	3.81936849e+17	3.72506795e+17	3.63309569e+17	3.54339424e+17	3.45590753e+17	3.37058086e+17	3.28736093e+17	3.20619570e+17	3.12703444e+17	3.04982769e+17	2.97452717e+17	2.90108584e+17	2.82945777e+17	2.75959821e+17	2.69146349e+17	2.62501102e+17	2.56019926e+17	2.49698772e+17	2.43533687e+17	2.37520819e+17	2.31656409e+17	2.25936792e+17	2.20358393e+17	2.14917725e+17	2.09611387e+17	2.04436064e+17	1.99388519e+17	1.94465599e+17	1.89664226e+17	1.84981400e+17	1.80414193e+17	1.75959751e+17	1.71615289e+17	1.67378092e+17	1.63245512e+17	1.59214966e+17	1.55283935e+17	1.51449961e+17	1.47710648e+17	1.44063659e+17	1.40506715e+17	1.37037592e+17	1.33654121e+17	1.30354189e+17	1.27135733e+17	1.23996741e+17	1.20935250e+17	1.17949348e+17	1.15037168e+17	1.12196891e+17	1.09426739e+17	1.06724984e+17	1.04089934e+17	1.01519945e+17	9.90134084e+16	9.65687586e+16	9.41844675e+16	9.18590447e+16	8.95910368e+16	8.73790262e+16	8.52216304e+16	8.31175008e+16	8.10653224e+16	7.90638125e+16	7.71117200e+16	7.52078248e+16	7.33509370e+16	7.15398959e+16	6.97735696e+16	6.80508540e+16	6.63706725e+16	6.47319747e+16	6.31337366e+16	6.15749591e+16	6.00546679e+16	5.85719129e+16	5.71257672e+16	5.57153270e+16	5.43397106e+16	5.29980584e+16	5.16895317e+16	5.04133126e+16	4.91686035e+16	4.79546263e+16	4.67706224e+16	4.56158516e+16	4.44895922e+16	4.33911403e+16	4.23198092e+16	4.12749294e+16	4.02558477e+16	3.92619273e+16	3.82925469e+16	3.73471005e+16	3.64249973e+16	3.55256609e+16	3.46485293e+16	3.37930540e+16	3.29587005e+16	3.21449473e+16	3.13512857e+16	3.05772197e+16	2.98222655e+16	2.90859511e+16	2.83678164e+16	2.76674126e+16	2.69843017e+16	2.63180569e+16	2.56682618e+16	2.50345101e+16	2.44164059e+16	2.38135627e+16	2.32256037e+16	2.26521615e+16	2.20928777e+16	2.15474026e+16	2.10153953e+16	2.04965233e+16	1.99904624e+16	1.94968961e+16	1.90155160e+16	1.85460213e+16	1.80881184e+16	1.76415211e+16	1.72059504e+16	1.67811340e+16	1.63668063e+16	1.59627084e+16	1.55685878e+16	1.51841980e+16	1.48092988e+16	1.44436559e+16	1.40870407e+16	1.37392305e+16	1.34000077e+16	1.30691603e+16	1.27464816e+16	1.24317698e+16	1.21248283e+16	1.18254653e+16	1.15334935e+16	1.12487305e+16	1.09709984e+16	1.07001235e+16	1.04359365e+16	1.01782723e+16	9.92696984e+15	9.68187208e+15	9.44282580e+15	9.20968160e+15	8.98229375e+15	8.76052013e+15	8.54422212e+15	8.33326452e+15	8.12751549e+15	7.92684642e+15	7.73113188e+15	7.54024956e+15	7.35408013e+15	7.17250725e+15	6.99541741e+15	6.82269994e+15
delta_P: 9.87577800e+17	9.63194418e+17	9.39413063e+17	9.16218872e+17	8.93597347e+17	8.71534350e+17	8.50016090e+17	8.29029118e+17	8.08560316e+17	7.88596891e+17	7.69126364e+17	7.50136567e+17	7.31615629e+17	7.13551975e+17	6.95934314e+17	6.78751634e+17	6.61993197e+17	6.45648526e+17	6.29707408e+17	6.14159876e+17	5.98996215e+17	5.84206946e+17	5.69782825e+17	5.55714837e+17	5.41994188e+17	5.28612304e+17	5.15560820e+17	5.02831578e+17	4.90416622e+17	4.78308193e+17	4.66498721e+17	4.54980827e+17	4.43747310e+17	4.32791150e+17	4.22105498e+17	4.11683677e+17	4.01519170e+17	3.91605627e+17	3.81936849e+17	3.72506795e+17	3.63309569e+17	3.54339424e+17	3.45590753e+17	3.37058086e+17	3.28736093e+17	3.20619570e+17	3.12703444e+17	3.04982769e+17	2.97452717e+17	2.90108584e+17	2.82945777e+17	2.75959821e+17	2.69146349e+17	2.62501102e+17	2.56019926e+17	2.49698772e+17	2.43533687e+17	2.37520819e+17	2.31656409e+17	2.25936792e+17	2.20358393e+17	2.14917725e+17	2.09611387e+17	2.04436064e+17	1.99388519e+17	1.94465599e+17	1.89664226e+17	1.84981400e+17	1.80414193e+17	1.75959751e+17	1.71615289e+17	1.67378092e+17	1.63245512e+17	1.59214966e+17	1.55283935e+17	1.51449961e+17	1.47710648e+17	1.44063659e+17	1.40506715e+17	1.37037592e+17	1.33654121e+17	1.30354189e+17	1.27135733e+17	1.23996741e+17	1.20935250e+17	1.17949348e+17	1.15037168e+17	1.12196891e+17	1.09426739e+17	1.06724984e+17	1.04089934e+17	1.01519945e+17	9.90134084e+16	9.65687586e+16	9.41844675e+16	9.18590447e+16	8.95910368e+16	8.73790262e+16	8.52216304e+16	8.31175008e+16	8.10653224e+16	7.90638125e+16	7.71117200e+16	7.52078248e+16	7.33509370e+16	7.15398959e+16	6.97735696e+16	6.80508540e+16	6.63706725e+16	6.47319747e+16	6.31337366e+16	6.15749591e+16	6.00546679e+16	5.85719129e+16	5.71257672e+16	5.57153270e+16	5.43397106e+16	5.29980584e+16	5.16895317e+16	5.04133126e+16	4.91686035e+16	4.79546263e+16	4.67706224e+16	4.56158516e+16	4.44895922e+16	4.33911403e+16	4.23198092e+16	4.12749294e+16	4.02558477e+16	3.92619273e+16	3.82925469e+16	3.73471005e+16	3.64249973e+16	3.55256609e+16	3.46485293e+16	3.37930540e+16	3.29587005e+16	3.21449473e+16	3.13512857e+16	3.05772197e+16	2.98222655e+16	2.90859511e+16	2.83678164e+16	2.76674126e+16	2.69843017e+16	2.63180569e+16	2.56682618e+16	2.50345101e+16	2.44164059e+16	2.38135627e+16	2.32256037e+16	2.26521615e+16	2.20928777e+16	2.15474026e+16	2.10153953e+16	2.04965233e+16	1.99904624e+16	1.94968961e+16	1.90155160e+16	1.85460213e+16	1.80881184e+16	1.76415211e+16	1.72059504e+16	1.67811340e+16	1.63668063e+16	1.59627084e+16	1.55685878e+16	1.51841980e+16	1.48092988e+16	1.44436559e+16	1.40870407e+16	1.37392305e+16	1.34000077e+16	1.30691603e+16	1.27464816e+16	1.24317698e+16	1.21248283e+16	1.18254653e+16	1.15334935e+16	1.12487305e+16	1.09709984e+16	1.07001235e+16	1.04359365e+16	1.01782723e+16	9.92696984e+15	9.68187208e+15	9.44282580e+15	9.20968160e+15	8.98229375e+15	8.76052013e+15	8.54422212e+15	8.33326452e+15	8.12751549e+15	7.92684642e+15	7.73113188e+15	7.54024956e+15	7.35408013e+15	7.17250725e+15	6.99541741e+15	6.82269994e+15
Ec: 0.0
electron_affinity: 0.0
p$ Laser Parameters
LGC_absorption_cof: 50000.0
Max_Gen: 9.999999999999997e+17
p$ Laser Options
long_expfactor: 0
incidence: 
power_mode: max-gen
