$$ INITIAL CONDITION FILE CREATED ON 2021-06-13 AT 16:19:57.708178
System_class: OneLayer
f$ System Flags:
ignore_recycle: 1
check_do_ss: 0
symmetric_system: 0
L$: OneLayer
p$ Space Grid:
Total_length: 311.0
Node_width: 2.4296875
p$ System Parameters:
mu_N: 20.0
mu_P: 20.0
N0: 100000000.0
P0: 3000000000000000.0
B: 4.8e-11
tau_N: 511.0
tau_P: 871.0
Sf: 10.0
Sb: 10.0
temperature: 300.0
rel_permitivity: 10.0
Ext_E-Field: 0.0
back_reflectivity: 0.0
alpha: 0.0
delta: 0.0
frac_emitted: 1.0
delta_N: 1.63652196e+18	1.61283760e+18	1.58949600e+18	1.56649221e+18	1.54382134e+18	1.52147858e+18	1.49945916e+18	1.47775842e+18	1.45637174e+18	1.43529458e+18	1.41452245e+18	1.39405095e+18	1.37387572e+18	1.35399247e+18	1.33439697e+18	1.31508508e+18	1.29605267e+18	1.27729570e+18	1.25881019e+18	1.24059222e+18	1.22263790e+18	1.20494342e+18	1.18750502e+18	1.17031900e+18	1.15338170e+18	1.13668952e+18	1.12023892e+18	1.10402640e+18	1.08804851e+18	1.07230186e+18	1.05678310e+18	1.04148894e+18	1.02641612e+18	1.01156143e+18	9.96921733e+17	9.82493904e+17	9.68274880e+17	9.54261639e+17	9.40451204e+17	9.26840638e+17	9.13427049e+17	9.00207587e+17	8.87179442e+17	8.74339845e+17	8.61686068e+17	8.49215421e+17	8.36925254e+17	8.24812955e+17	8.12875949e+17	8.01111701e+17	7.89517709e+17	7.78091510e+17	7.66830675e+17	7.55732811e+17	7.44795560e+17	7.34016596e+17	7.23393630e+17	7.12924404e+17	7.02606692e+17	6.92438302e+17	6.82417072e+17	6.72540874e+17	6.62807608e+17	6.53215205e+17	6.43761628e+17	6.34444866e+17	6.25262939e+17	6.16213897e+17	6.07295816e+17	5.98506801e+17	5.89844984e+17	5.81308524e+17	5.72895607e+17	5.64604445e+17	5.56433276e+17	5.48380363e+17	5.40443995e+17	5.32622485e+17	5.24914170e+17	5.17317414e+17	5.09830600e+17	5.02452139e+17	4.95180461e+17	4.88014022e+17	4.80951298e+17	4.73990789e+17	4.67131015e+17	4.60370518e+17	4.53707861e+17	4.47141630e+17	4.40670427e+17	4.34292877e+17	4.28007626e+17	4.21813338e+17	4.15708696e+17	4.09692402e+17	4.03763178e+17	3.97919765e+17	3.92160919e+17	3.86485418e+17	3.80892055e+17	3.75379641e+17	3.69947004e+17	3.64592991e+17	3.59316463e+17	3.54116300e+17	3.48991394e+17	3.43940659e+17	3.38963019e+17	3.34057418e+17	3.29222813e+17	3.24458176e+17	3.19762494e+17	3.15134770e+17	3.10574020e+17	3.06079276e+17	3.01649580e+17	2.97283994e+17	2.92981587e+17	2.88741447e+17	2.84562671e+17	2.80444372e+17	2.76385675e+17	2.72385717e+17	2.68443648e+17	2.64558630e+17	2.60729837e+17	2.56956456e+17
delta_P: 1.63652196e+18	1.61283760e+18	1.58949600e+18	1.56649221e+18	1.54382134e+18	1.52147858e+18	1.49945916e+18	1.47775842e+18	1.45637174e+18	1.43529458e+18	1.41452245e+18	1.39405095e+18	1.37387572e+18	1.35399247e+18	1.33439697e+18	1.31508508e+18	1.29605267e+18	1.27729570e+18	1.25881019e+18	1.24059222e+18	1.22263790e+18	1.20494342e+18	1.18750502e+18	1.17031900e+18	1.15338170e+18	1.13668952e+18	1.12023892e+18	1.10402640e+18	1.08804851e+18	1.07230186e+18	1.05678310e+18	1.04148894e+18	1.02641612e+18	1.01156143e+18	9.96921733e+17	9.82493904e+17	9.68274880e+17	9.54261639e+17	9.40451204e+17	9.26840638e+17	9.13427049e+17	9.00207587e+17	8.87179442e+17	8.74339845e+17	8.61686068e+17	8.49215421e+17	8.36925254e+17	8.24812955e+17	8.12875949e+17	8.01111701e+17	7.89517709e+17	7.78091510e+17	7.66830675e+17	7.55732811e+17	7.44795560e+17	7.34016596e+17	7.23393630e+17	7.12924404e+17	7.02606692e+17	6.92438302e+17	6.82417072e+17	6.72540874e+17	6.62807608e+17	6.53215205e+17	6.43761628e+17	6.34444866e+17	6.25262939e+17	6.16213897e+17	6.07295816e+17	5.98506801e+17	5.89844984e+17	5.81308524e+17	5.72895607e+17	5.64604445e+17	5.56433276e+17	5.48380363e+17	5.40443995e+17	5.32622485e+17	5.24914170e+17	5.17317414e+17	5.09830600e+17	5.02452139e+17	4.95180461e+17	4.88014022e+17	4.80951298e+17	4.73990789e+17	4.67131015e+17	4.60370518e+17	4.53707861e+17	4.47141630e+17	4.40670427e+17	4.34292877e+17	4.28007626e+17	4.21813338e+17	4.15708696e+17	4.09692402e+17	4.03763178e+17	3.97919765e+17	3.92160919e+17	3.86485418e+17	3.80892055e+17	3.75379641e+17	3.69947004e+17	3.64592991e+17	3.59316463e+17	3.54116300e+17	3.48991394e+17	3.43940659e+17	3.38963019e+17	3.34057418e+17	3.29222813e+17	3.24458176e+17	3.19762494e+17	3.15134770e+17	3.10574020e+17	3.06079276e+17	3.01649580e+17	2.97283994e+17	2.92981587e+17	2.88741447e+17	2.84562671e+17	2.80444372e+17	2.76385675e+17	2.72385717e+17	2.68443648e+17	2.64558630e+17	2.60729837e+17	2.56956456e+17
Ec: 0.0
electron_affinity: 0.0
p$ Laser Parameters
LGC_absorption_cof: 60000.0
Power_Density: 219.99999999999994
Pulse_Wavelength: 496.0
Pulse_Freq: 0.02
p$ Laser Options
long_expfactor: 0
incidence: 
power_mode: density
