$$ INITIAL CONDITION FILE CREATED ON 2022-10-01 AT 15:49:08.907598
System_class: PN_Junction
f$ System Flags:
check_do_ss: 0
symmetric_system: 0
L$: N-type
p$ Space Grid:
Total_length: 298.0
Node_width: 2.98
p$ System Parameters:
mu_N: 10.0
mu_P: 2.5
N0: 1e+18
P0: 100000000.0
B: 0.0
tau_N: 0.1
tau_P: 0.1
Sf: 0.0
Sb: 0.0
Cn: 0.0
Cp: 0.0
temperature: 300.0
rel_permitivity: 12.2
delta_N: 0.0
delta_P: 0.0
Eg: 0.0
electron_affinity: 0.0
L$: buffer
p$ Space Grid:
Total_length: 2.0
Node_width: 0.02
p$ System Parameters:
mu_N: 10.0
mu_P: 2.5
N0: 1e+18
P0: 100000000.0
B: 0.0
tau_N: 0.1
tau_P: 0.1
Sf: 0.0
Sb: 0.0
Cn: 0.0
Cp: 0.0
temperature: 300.0
rel_permitivity: 12.2
delta_N: 0.0
delta_P: 0.0
Eg: 0.0
electron_affinity: 0.0
L$: P-type
p$ Space Grid:
Total_length: 3000.0
Node_width: 1.5
p$ System Parameters:
mu_N: 320.0
mu_P: 80.0
N0: 100000000.0
P0: 200000000000000.0
B: 2e-10
tau_N: 100.0
tau_P: 100.0
Sf: 1.0
Sb: 1.0
Cn: 0.0
Cp: 0.0
temperature: 300.0
rel_permitivity: 10.2
delta_N: 9.95136864e+14	9.85481426e+14	9.75919671e+14	9.66450691e+14	9.57073584e+14	9.47787460e+14	9.38591436e+14	9.29484637e+14	9.20466198e+14	9.11535262e+14	9.02690979e+14	8.93932509e+14	8.85259019e+14	8.76669685e+14	8.68163689e+14	8.59740224e+14	8.51398489e+14	8.43137691e+14	8.34957044e+14	8.26855771e+14	8.18833101e+14	8.10888272e+14	8.03020529e+14	7.95229124e+14	7.87513315e+14	7.79872371e+14	7.72305563e+14	7.64812174e+14	7.57391490e+14	7.50042806e+14	7.42765423e+14	7.35558650e+14	7.28421802e+14	7.21354200e+14	7.14355172e+14	7.07424054e+14	7.00560185e+14	6.93762914e+14	6.87031594e+14	6.80365585e+14	6.73764255e+14	6.67226974e+14	6.60753122e+14	6.54342084e+14	6.47993250e+14	6.41706015e+14	6.35479784e+14	6.29313963e+14	6.23207967e+14	6.17161215e+14	6.11173133e+14	6.05243151e+14	5.99370705e+14	5.93555237e+14	5.87796194e+14	5.82093029e+14	5.76445200e+14	5.70852170e+14	5.65313406e+14	5.59828384e+14	5.54396580e+14	5.49017479e+14	5.43690570e+14	5.38415345e+14	5.33191304e+14	5.28017950e+14	5.22894791e+14	5.17821340e+14	5.12797115e+14	5.07821638e+14	5.02894436e+14	4.98015041e+14	4.93182989e+14	4.88397820e+14	4.83659080e+14	4.78966319e+14	4.74319089e+14	4.69716950e+14	4.65159463e+14	4.60646197e+14	4.56176720e+14	4.51750610e+14	4.47367444e+14	4.43026806e+14	4.38728284e+14	4.34471469e+14	4.30255956e+14	4.26081345e+14	4.21947239e+14	4.17853244e+14	4.13798971e+14	4.09784036e+14	4.05808056e+14	4.01870653e+14	3.97971454e+14	3.94110087e+14	3.90286185e+14	3.86499386e+14	3.82749328e+14	3.79035656e+14	3.75358016e+14	3.71716058e+14	3.68109438e+14	3.64537811e+14	3.61000838e+14	3.57498183e+14	3.54029513e+14	3.50594498e+14	3.47192812e+14	3.43824131e+14	3.40488135e+14	3.37184507e+14	3.33912933e+14	3.30673102e+14	3.27464705e+14	3.24287439e+14	3.21141000e+14	3.18025090e+14	3.14939412e+14	3.11883674e+14	3.08857584e+14	3.05860856e+14	3.02893203e+14	2.99954345e+14	2.97044001e+14	2.94161895e+14	2.91307753e+14	2.88481304e+14	2.85682279e+14	2.82910411e+14	2.80165438e+14	2.77447099e+14	2.74755134e+14	2.72089289e+14	2.69449309e+14	2.66834944e+14	2.64245945e+14	2.61682066e+14	2.59143064e+14	2.56628696e+14	2.54138725e+14	2.51672913e+14	2.49231025e+14	2.46812831e+14	2.44418099e+14	2.42046602e+14	2.39698115e+14	2.37372415e+14	2.35069280e+14	2.32788491e+14	2.30529832e+14	2.28293088e+14	2.26078047e+14	2.23884497e+14	2.21712230e+14	2.19561040e+14	2.17430722e+14	2.15321073e+14	2.13231894e+14	2.11162986e+14	2.09114151e+14	2.07085195e+14	2.05075926e+14	2.03086151e+14	2.01115683e+14	1.99164333e+14	1.97231917e+14	1.95318250e+14	1.93423151e+14	1.91546439e+14	1.89687936e+14	1.87847465e+14	1.86024852e+14	1.84219923e+14	1.82432507e+14	1.80662433e+14	1.78909534e+14	1.77173642e+14	1.75454593e+14	1.73752223e+14	1.72066371e+14	1.70396876e+14	1.68743579e+14	1.67106324e+14	1.65484954e+14	1.63879316e+14	1.62289257e+14	1.60714625e+14	1.59155272e+14	1.57611048e+14	1.56081808e+14	1.54567405e+14	1.53067696e+14	1.51582538e+14	1.50111789e+14	1.48655311e+14	1.47212965e+14	1.45784613e+14	1.44370120e+14	1.42969351e+14	1.41582173e+14	1.40208455e+14	1.38848065e+14	1.37500875e+14	1.36166756e+14	1.34845581e+14	1.33537225e+14	1.32241564e+14	1.30958474e+14	1.29687833e+14	1.28429521e+14	1.27183418e+14	1.25949405e+14	1.24727365e+14	1.23517183e+14	1.22318742e+14	1.21131930e+14	1.19956632e+14	1.18792738e+14	1.17640137e+14	1.16498719e+14	1.15368376e+14	1.14249000e+14	1.13140485e+14	1.12042726e+14	1.10955617e+14	1.09879057e+14	1.08812942e+14	1.07757171e+14	1.06711644e+14	1.05676261e+14	1.04650924e+14	1.03635536e+14	1.02629999e+14	1.01634219e+14	1.00648100e+14	9.96715499e+13	9.87044744e+13	9.77467821e+13	9.67983820e+13	9.58591838e+13	9.49290983e+13	9.40080370e+13	9.30959125e+13	9.21926380e+13	9.12981276e+13	9.04122963e+13	8.95350599e+13	8.86663350e+13	8.78060389e+13	8.69540901e+13	8.61104073e+13	8.52749105e+13	8.44475202e+13	8.36281578e+13	8.28167453e+13	8.20132057e+13	8.12174625e+13	8.04294401e+13	7.96490635e+13	7.88762587e+13	7.81109521e+13	7.73530710e+13	7.66025433e+13	7.58592977e+13	7.51232636e+13	7.43943709e+13	7.36725504e+13	7.29577334e+13	7.22498520e+13	7.15488390e+13	7.08546276e+13	7.01671518e+13	6.94863464e+13	6.88121466e+13	6.81444883e+13	6.74833080e+13	6.68285430e+13	6.61801308e+13	6.55380100e+13	6.49021194e+13	6.42723986e+13	6.36487877e+13	6.30312276e+13	6.24196593e+13	6.18140249e+13	6.12142667e+13	6.06203278e+13	6.00321516e+13	5.94496823e+13	5.88728644e+13	5.83016432e+13	5.77359644e+13	5.71757741e+13	5.66210191e+13	5.60716467e+13	5.55276047e+13	5.49888413e+13	5.44553053e+13	5.39269460e+13	5.34037132e+13	5.28855571e+13	5.23724285e+13	5.18642786e+13	5.13610590e+13	5.08627220e+13	5.03692202e+13	4.98805067e+13	4.93965349e+13	4.89172590e+13	4.84426333e+13	4.79726127e+13	4.75071525e+13	4.70462085e+13	4.65897369e+13	4.61376943e+13	4.56900376e+13	4.52467244e+13	4.48077125e+13	4.43729602e+13	4.39424261e+13	4.35160693e+13	4.30938493e+13	4.26757259e+13	4.22616594e+13	4.18516105e+13	4.14455401e+13	4.10434097e+13	4.06451809e+13	4.02508161e+13	3.98602776e+13	3.94735284e+13	3.90905316e+13	3.87112509e+13	3.83356502e+13	3.79636939e+13	3.75953465e+13	3.72305730e+13	3.68693388e+13	3.65116095e+13	3.61573511e+13	3.58065300e+13	3.54591127e+13	3.51150663e+13	3.47743581e+13	3.44369556e+13	3.41028268e+13	3.37719400e+13	3.34442636e+13	3.31197665e+13	3.27984179e+13	3.24801872e+13	3.21650442e+13	3.18529589e+13	3.15439017e+13	3.12378431e+13	3.09347541e+13	3.06346058e+13	3.03373698e+13	3.00430177e+13	2.97515217e+13	2.94628539e+13	2.91769869e+13	2.88938936e+13	2.86135471e+13	2.83359206e+13	2.80609879e+13	2.77887227e+13	2.75190992e+13	2.72520917e+13	2.69876750e+13	2.67258237e+13	2.64665131e+13	2.62097185e+13	2.59554155e+13	2.57035799e+13	2.54541878e+13	2.52072154e+13	2.49626393e+13	2.47204362e+13	2.44805832e+13	2.42430573e+13	2.40078360e+13	2.37748971e+13	2.35442182e+13	2.33157775e+13	2.30895533e+13	2.28655241e+13	2.26436686e+13	2.24239656e+13	2.22063943e+13	2.19909340e+13	2.17775643e+13	2.15662648e+13	2.13570155e+13	2.11497964e+13	2.09445879e+13	2.07413705e+13	2.05401248e+13	2.03408317e+13	2.01434723e+13	1.99480278e+13	1.97544796e+13	1.95628093e+13	1.93729987e+13	1.91850298e+13	1.89988847e+13	1.88145457e+13	1.86319953e+13	1.84512161e+13	1.82721909e+13	1.80949027e+13	1.79193347e+13	1.77454701e+13	1.75732925e+13	1.74027855e+13	1.72339328e+13	1.70667185e+13	1.69011265e+13	1.67371413e+13	1.65747471e+13	1.64139286e+13	1.62546704e+13	1.60969575e+13	1.59407748e+13	1.57861075e+13	1.56329408e+13	1.54812603e+13	1.53310515e+13	1.51823001e+13	1.50349919e+13	1.48891131e+13	1.47446496e+13	1.46015878e+13	1.44599141e+13	1.43196150e+13	1.41806772e+13	1.40430875e+13	1.39068327e+13	1.37718999e+13	1.36382764e+13	1.35059493e+13	1.33749062e+13	1.32451345e+13	1.31166220e+13	1.29893563e+13	1.28633255e+13	1.27385175e+13	1.26149205e+13	1.24925227e+13	1.23713124e+13	1.22512783e+13	1.21324087e+13	1.20146925e+13	1.18981185e+13	1.17826756e+13	1.16683527e+13	1.15551391e+13	1.14430239e+13	1.13319966e+13	1.12220465e+13	1.11131632e+13	1.10053364e+13	1.08985557e+13	1.07928112e+13	1.06880926e+13	1.05843901e+13	1.04816937e+13	1.03799938e+13	1.02792806e+13	1.01795446e+13	1.00807764e+13	9.98296638e+12	9.88610543e+12	9.79018427e+12	9.69519381e+12	9.60112500e+12	9.50796890e+12	9.41571667e+12	9.32435952e+12	9.23388878e+12	9.14429584e+12	9.05557218e+12	8.96770938e+12	8.88069908e+12	8.79453300e+12	8.70920297e+12	8.62470086e+12	8.54101864e+12	8.45814835e+12	8.37608213e+12	8.29481216e+12	8.21433073e+12	8.13463018e+12	8.05570293e+12	7.97754148e+12	7.90013841e+12	7.82348634e+12	7.74757800e+12	7.67240618e+12	7.59796371e+12	7.52424354e+12	7.45123864e+12	7.37894208e+12	7.30734699e+12	7.23644656e+12	7.16623405e+12	7.09670278e+12	7.02784615e+12	6.95965761e+12	6.89213068e+12	6.82525893e+12	6.75903602e+12	6.69345564e+12	6.62851156e+12	6.56419762e+12	6.50050768e+12	6.43743571e+12	6.37497570e+12	6.31312171e+12	6.25186787e+12	6.19120836e+12	6.13113740e+12	6.07164928e+12	6.01273836e+12	5.95439903e+12	5.89662574e+12	5.83941301e+12	5.78275538e+12	5.72664749e+12	5.67108399e+12	5.61605960e+12	5.56156909e+12	5.50760728e+12	5.45416905e+12	5.40124930e+12	5.34884302e+12	5.29694521e+12	5.24555095e+12	5.19465535e+12	5.14425356e+12	5.09434081e+12	5.04491234e+12	4.99596346e+12	4.94748951e+12	4.89948589e+12	4.85194803e+12	4.80487140e+12	4.75825155e+12	4.71208403e+12	4.66636445e+12	4.62108848e+12	4.57625180e+12	4.53185016e+12	4.48787932e+12	4.44433512e+12	4.40121341e+12	4.35851010e+12	4.31622112e+12	4.27434246e+12	4.23287012e+12	4.19180018e+12	4.15112872e+12	4.11085189e+12	4.07096584e+12	4.03146680e+12	3.99235099e+12	3.95361472e+12	3.91525429e+12	3.87726605e+12	3.83964640e+12	3.80239176e+12	3.76549859e+12	3.72896337e+12	3.69278265e+12	3.65695297e+12	3.62147094e+12	3.58633317e+12	3.55153633e+12	3.51707711e+12	3.48295224e+12	3.44915847e+12	3.41569258e+12	3.38255141e+12	3.34973179e+12	3.31723060e+12	3.28504477e+12	3.25317121e+12	3.22160692e+12	3.19034888e+12	3.15939413e+12	3.12873972e+12	3.09838274e+12	3.06832030e+12	3.03854955e+12	3.00906765e+12	2.97987180e+12	2.95095923e+12	2.92232718e+12	2.89397294e+12	2.86589382e+12	2.83808713e+12	2.81055024e+12	2.78328053e+12	2.75627541e+12	2.72953231e+12	2.70304869e+12	2.67682202e+12	2.65084983e+12	2.62512963e+12	2.59965899e+12	2.57443548e+12	2.54945670e+12	2.52472029e+12	2.50022388e+12	2.47596515e+12	2.45194179e+12	2.42815153e+12	2.40459209e+12	2.38126124e+12	2.35815676e+12	2.33527645e+12	2.31261815e+12	2.29017968e+12	2.26795893e+12	2.24595378e+12	2.22416214e+12	2.20258193e+12	2.18121111e+12	2.16004764e+12	2.13908952e+12	2.11833474e+12	2.09778133e+12	2.07742735e+12	2.05727086e+12	2.03730994e+12	2.01754269e+12	1.99796723e+12	1.97858171e+12	1.95938428e+12	1.94037311e+12	1.92154640e+12	1.90290236e+12	1.88443922e+12	1.86615521e+12	1.84804861e+12	1.83011769e+12	1.81236075e+12	1.79477610e+12	1.77736206e+12	1.76011699e+12	1.74303924e+12	1.72612719e+12	1.70937923e+12	1.69279376e+12	1.67636922e+12	1.66010405e+12	1.64399668e+12	1.62804560e+12	1.61224929e+12	1.59660624e+12	1.58111498e+12	1.56577401e+12	1.55058190e+12	1.53553719e+12	1.52063845e+12	1.50588427e+12	1.49127324e+12	1.47680398e+12	1.46247511e+12	1.44828526e+12	1.43423310e+12	1.42031727e+12	1.40653647e+12	1.39288938e+12	1.37937470e+12	1.36599115e+12	1.35273745e+12	1.33961235e+12	1.32661459e+12	1.31374295e+12	1.30099620e+12	1.28837312e+12	1.27587253e+12	1.26349322e+12	1.25123402e+12	1.23909377e+12	1.22707131e+12	1.21516550e+12	1.20337520e+12	1.19169931e+12	1.18013670e+12	1.16868628e+12	1.15734696e+12	1.14611766e+12	1.13499731e+12	1.12398486e+12	1.11307926e+12	1.10227947e+12	1.09158447e+12	1.08099323e+12	1.07050476e+12	1.06011806e+12	1.04983213e+12	1.03964601e+12	1.02955872e+12	1.01956930e+12	1.00967680e+12	9.99880286e+11	9.90178825e+11	9.80571493e+11	9.71057378e+11	9.61635574e+11	9.52305187e+11	9.43065329e+11	9.33915122e+11	9.24853695e+11	9.15880189e+11	9.06993749e+11	8.98193531e+11	8.89478697e+11	8.80848421e+11	8.72301881e+11	8.63838265e+11	8.55456768e+11	8.47156594e+11	8.38936953e+11	8.30797064e+11	8.22736153e+11	8.14753455e+11	8.06848209e+11	7.99019665e+11	7.91267079e+11	7.83589713e+11	7.75986837e+11	7.68457730e+11	7.61001674e+11	7.53617962e+11	7.46305891e+11	7.39064767e+11	7.31893900e+11	7.24792609e+11	7.17760220e+11	7.10796063e+11	7.03899477e+11	6.97069806e+11	6.90306401e+11	6.83608618e+11	6.76975821e+11	6.70407380e+11	6.63902670e+11	6.57461073e+11	6.51081976e+11	6.44764773e+11	6.38508864e+11	6.32313653e+11	6.26178552e+11	6.20102978e+11	6.14086353e+11	6.08128105e+11	6.02227667e+11	5.96384479e+11	5.90597985e+11	5.84867636e+11	5.79192886e+11	5.73573196e+11	5.68008031e+11	5.62496863e+11	5.57039169e+11	5.51634428e+11	5.46282127e+11	5.40981757e+11	5.35732815e+11	5.30534802e+11	5.25387223e+11	5.20289589e+11	5.15241415e+11	5.10242222e+11	5.05291534e+11	5.00388881e+11	4.95533796e+11	4.90725819e+11	4.85964491e+11	4.81249361e+11	4.76579980e+11	4.71955904e+11	4.67376694e+11	4.62841914e+11	4.58351134e+11	4.53903926e+11	4.49499867e+11	4.45138539e+11	4.40819528e+11	4.36542422e+11	4.32306816e+11	4.28112306e+11	4.23958494e+11	4.19844984e+11	4.15771387e+11	4.11737314e+11	4.07742382e+11	4.03786211e+11	3.99868426e+11	3.95988653e+11	3.92146525e+11	3.88341675e+11	3.84573742e+11	3.80842368e+11	3.77147198e+11	3.73487881e+11	3.69864069e+11	3.66275418e+11	3.62721586e+11	3.59202235e+11	3.55717031e+11	3.52265643e+11	3.48847742e+11	3.45463004e+11	3.42111107e+11	3.38791732e+11	3.35504563e+11	3.32249289e+11	3.29025600e+11	3.25833188e+11	3.22671752e+11	3.19540989e+11	3.16440604e+11	3.13370300e+11	3.10329786e+11	3.07318773e+11	3.04336975e+11	3.01384108e+11	2.98459892e+11	2.95564048e+11	2.92696302e+11	2.89856380e+11	2.87044013e+11	2.84258933e+11	2.81500876e+11	2.78769579e+11	2.76064783e+11	2.73386230e+11	2.70733667e+11	2.68106840e+11	2.65505500e+11	2.62929401e+11	2.60378296e+11	2.57851944e+11	2.55350103e+11	2.52872538e+11	2.50419011e+11	2.47989290e+11	2.45583143e+11	2.43200342e+11	2.40840661e+11	2.38503875e+11	2.36189762e+11	2.33898102e+11	2.31628677e+11	2.29381271e+11	2.27155671e+11	2.24951665e+11	2.22769044e+11	2.20607600e+11	2.18467128e+11	2.16347424e+11	2.14248286e+11	2.12169516e+11	2.10110915e+11	2.08072288e+11	2.06053441e+11	2.04054182e+11	2.02074322e+11	2.00113671e+11	1.98172043e+11	1.96249255e+11	1.94345122e+11	1.92459465e+11	1.90592103e+11	1.88742860e+11	1.86911559e+11	1.85098027e+11	1.83302090e+11	1.81523579e+11	1.79762324e+11	1.78018158e+11	1.76290915e+11	1.74580431e+11	1.72886543e+11	1.71209090e+11	1.69547913e+11	1.67902853e+11	1.66273755e+11	1.64660464e+11	1.63062825e+11	1.61480688e+11	1.59913902e+11	1.58362318e+11	1.56825788e+11	1.55304166e+11	1.53797309e+11	1.52305071e+11	1.50827313e+11	1.49363892e+11	1.47914671e+11	1.46479510e+11	1.45058275e+11	1.43650829e+11	1.42257039e+11	1.40876773e+11	1.39509899e+11	1.38156287e+11	1.36815809e+11	1.35488336e+11	1.34173744e+11	1.32871907e+11	1.31582701e+11	1.30306004e+11	1.29041694e+11	1.27789651e+11	1.26549756e+11	1.25321891e+11	1.24105940e+11	1.22901787e+11	1.21709317e+11	1.20528418e+11	1.19358976e+11	1.18200881e+11	1.17054022e+11	1.15918291e+11	1.14793580e+11	1.13679781e+11	1.12576789e+11	1.11484499e+11	1.10402807e+11	1.09331610e+11	1.08270807e+11	1.07220296e+11	1.06179978e+11	1.05149754e+11	1.04129525e+11	1.03119196e+11	1.02118669e+11	1.01127850e+11	1.00146645e+11	9.91749595e+10	9.82127023e+10	9.72597815e+10	9.63161065e+10	9.53815876e+10	9.44561361e+10	9.35396638e+10	9.26320837e+10	9.17333095e+10	9.08432558e+10	8.99618380e+10	8.90889722e+10	8.82245755e+10	8.73685657e+10	8.65208615e+10	8.56813822e+10	8.48500480e+10	8.40267800e+10	8.32114999e+10	8.24041301e+10	8.16045939e+10	8.08128153e+10	8.00287190e+10	7.92522305e+10	7.84832760e+10	7.77217824e+10	7.69676773e+10	7.62208889e+10	7.54813464e+10	7.47489793e+10	7.40237182e+10	7.33054940e+10	7.25942384e+10	7.18898839e+10	7.11923635e+10	7.05016108e+10	6.98175603e+10	6.91401468e+10	6.84693060e+10	6.78049742e+10	6.71470881e+10	6.64955852e+10	6.58504036e+10	6.52114820e+10	6.45787596e+10	6.39521763e+10	6.33316724e+10	6.27171891e+10	6.21086678e+10	6.15060509e+10	6.09092808e+10	6.03183011e+10	5.97330553e+10	5.91534880e+10	5.85795440e+10	5.80111688e+10	5.74483083e+10	5.68909091e+10	5.63389180e+10	5.57922828e+10	5.52509513e+10	5.47148721e+10	5.41839944e+10	5.36582675e+10	5.31376416e+10	5.26220671e+10	5.21114950e+10	5.16058768e+10	5.11051645e+10	5.06093103e+10	5.01182673e+10	4.96319886e+10	4.91504282e+10	4.86735401e+10	4.82012791e+10	4.77336003e+10	4.72704591e+10	4.68118117e+10	4.63576144e+10	4.59078239e+10	4.54623976e+10	4.50212931e+10	4.45844685e+10	4.41518822e+10	4.37234931e+10	4.32992606e+10	4.28791442e+10	4.24631040e+10	4.20511005e+10	4.16430946e+10	4.12390473e+10	4.08389204e+10	4.04426758e+10	4.00502757e+10	3.96616830e+10	3.92768607e+10	3.88957721e+10	3.85183811e+10	3.81446518e+10	3.77745486e+10	3.74080364e+10	3.70450803e+10	3.66856459e+10	3.63296989e+10	3.59772055e+10	3.56281323e+10	3.52824459e+10	3.49401137e+10	3.46011029e+10	3.42653815e+10	3.39329174e+10	3.36036791e+10	3.32776353e+10	3.29547549e+10	3.26350074e+10	3.23183622e+10	3.20047893e+10	3.16942589e+10	3.13867415e+10	3.10822078e+10	3.07806288e+10	3.04819760e+10	3.01862209e+10	2.98933354e+10	2.96032916e+10	2.93160620e+10	2.90316193e+10	2.87499365e+10	2.84709867e+10	2.81947434e+10	2.79211805e+10	2.76502718e+10	2.73819916e+10	2.71163145e+10	2.68532151e+10	2.65926685e+10	2.63346499e+10	2.60791347e+10	2.58260987e+10	2.55755178e+10	2.53273682e+10	2.50816263e+10	2.48382687e+10	2.45972724e+10	2.43586143e+10	2.41222719e+10	2.38882226e+10	2.36564442e+10	2.34269146e+10	2.31996121e+10	2.29745150e+10	2.27516019e+10	2.25308517e+10	2.23122434e+10	2.20957561e+10	2.18813693e+10	2.16690626e+10	2.14588159e+10	2.12506091e+10	2.10444224e+10	2.08402363e+10	2.06380314e+10	2.04377884e+10	2.02394882e+10	2.00431121e+10	1.98486413e+10	1.96560574e+10	1.94653421e+10	1.92764773e+10	1.90894449e+10	1.89042272e+10	1.87208066e+10	1.85391657e+10	1.83592871e+10	1.81811539e+10	1.80047490e+10	1.78300557e+10	1.76570574e+10	1.74857377e+10	1.73160801e+10	1.71480688e+10	1.69816875e+10	1.68169206e+10	1.66537524e+10	1.64921673e+10	1.63321500e+10	1.61736853e+10	1.60167581e+10	1.58613536e+10	1.57074568e+10	1.55550533e+10	1.54041285e+10	1.52546681e+10	1.51066578e+10	1.49600836e+10	1.48149315e+10	1.46711878e+10	1.45288388e+10	1.43878710e+10	1.42482709e+10	1.41100253e+10	1.39731210e+10	1.38375451e+10	1.37032846e+10	1.35703268e+10	1.34386591e+10	1.33082688e+10	1.31791437e+10	1.30512714e+10	1.29246399e+10	1.27992370e+10	1.26750508e+10	1.25520696e+10	1.24302816e+10	1.23096752e+10	1.21902391e+10	1.20719618e+10	1.19548321e+10	1.18388389e+10	1.17239711e+10	1.16102178e+10	1.14975683e+10	1.13860117e+10	1.12755375e+10	1.11661352e+10	1.10577944e+10	1.09505048e+10	1.08442562e+10	1.07390385e+10	1.06348416e+10	1.05316558e+10	1.04294711e+10	1.03282779e+10	1.02280665e+10	1.01288274e+10	1.00305512e+10	9.93322857e+09	9.83685020e+09	9.74140695e+09	9.64688975e+09	9.55328962e+09	9.46059765e+09	9.36880504e+09	9.27790306e+09	9.18788307e+09	9.09873650e+09	9.01045489e+09	8.92302985e+09	8.83645305e+09	8.75071628e+09	8.66581138e+09	8.58173028e+09	8.49846499e+09	8.41600759e+09	8.33435024e+09	8.25348519e+09	8.17340473e+09	8.09410127e+09	8.01556726e+09	7.93779523e+09	7.86077780e+09	7.78450764e+09	7.70897749e+09	7.63418019e+09	7.56010862e+09	7.48675574e+09	7.41411457e+09	7.34217821e+09	7.27093983e+09	7.20039264e+09	7.13052995e+09	7.06134510e+09	6.99283154e+09	6.92498273e+09	6.85779223e+09	6.79125366e+09	6.72536069e+09	6.66010705e+09	6.59548654e+09	6.53149302e+09	6.46812041e+09	6.40536268e+09	6.34321386e+09	6.28166805e+09	6.22071939e+09	6.16036210e+09	6.10059043e+09	6.04139870e+09	5.98278129e+09	5.92473262e+09	5.86724717e+09	5.81031948e+09	5.75394415e+09	5.69811580e+09	5.64282913e+09	5.58807888e+09	5.53385986e+09	5.48016691e+09	5.42699491e+09	5.37433883e+09	5.32219365e+09	5.27055441e+09	5.21941621e+09	5.16877418e+09	5.11862351e+09	5.06895944e+09	5.01977724e+09	4.97107223e+09	4.92283979e+09	4.87507534e+09	4.82777432e+09	4.78093225e+09	4.73454466e+09	4.68860716e+09	4.64311537e+09	4.59806498e+09	4.55345169e+09	4.50927126e+09	4.46551950e+09	4.42219225e+09	4.37928539e+09	4.33679483e+09	4.29471655e+09	4.25304654e+09	4.21178083e+09	4.17091551e+09	4.13044669e+09	4.09037052e+09	4.05068320e+09	4.01138095e+09	3.97246003e+09	3.93391675e+09	3.89574744e+09	3.85794847e+09	3.82051625e+09	3.78344722e+09	3.74673786e+09	3.71038468e+09	3.67438421e+09	3.63873305e+09	3.60342780e+09	3.56846510e+09	3.53384162e+09	3.49955409e+09	3.46559924e+09	3.43197384e+09	3.39867469e+09	3.36569863e+09	3.33304252e+09	3.30070327e+09	3.26867779e+09	3.23696304e+09	3.20555601e+09	3.17445371e+09	3.14365318e+09	3.11315150e+09	3.08294577e+09	3.05303311e+09	3.02341068e+09	2.99407567e+09	2.96502528e+09	2.93625676e+09	2.90776736e+09	2.87955439e+09	2.85161516e+09	2.82394702e+09	2.79654732e+09	2.76941348e+09	2.74254291e+09	2.71593305e+09	2.68958137e+09	2.66348538e+09	2.63764258e+09	2.61205053e+09	2.58670679e+09	2.56160895e+09	2.53675463e+09	2.51214145e+09	2.48776709e+09	2.46362923e+09	2.43972556e+09	2.41605382e+09	2.39261176e+09	2.36939716e+09	2.34640779e+09	2.32364148e+09	2.30109606e+09	2.27876939e+09	2.25665935e+09	2.23476384e+09	2.21308077e+09	2.19160808e+09	2.17034373e+09	2.14928571e+09	2.12843200e+09	2.10778063e+09	2.08732963e+09	2.06707705e+09	2.04702098e+09	2.02715951e+09	2.00749075e+09	1.98801282e+09	1.96872388e+09	1.94962210e+09	1.93070565e+09	1.91197274e+09	1.89342159e+09	1.87505044e+09	1.85685753e+09	1.83884114e+09	1.82099956e+09	1.80333109e+09	1.78583404e+09	1.76850677e+09	1.75134762e+09	1.73435495e+09	1.71752716e+09	1.70086264e+09	1.68435981e+09	1.66801710e+09	1.65183296e+09	1.63580585e+09	1.61993424e+09	1.60421663e+09	1.58865152e+09	1.57323744e+09	1.55797291e+09	1.54285648e+09	1.52788673e+09	1.51306222e+09	1.49838155e+09	1.48384332e+09	1.46944615e+09	1.45518866e+09	1.44106952e+09	1.42708736e+09	1.41324087e+09	1.39952873e+09	1.38594963e+09	1.37250228e+09	1.35918541e+09	1.34599775e+09	1.33293804e+09	1.32000504e+09	1.30719753e+09	1.29451429e+09	1.28195410e+09	1.26951579e+09	1.25719815e+09	1.24500003e+09	1.23292027e+09	1.22095771e+09	1.20911122e+09	1.19737967e+09	1.18576194e+09	1.17425694e+09	1.16286357e+09	1.15158074e+09	1.14040739e+09	1.12934245e+09	1.11838486e+09	1.10753360e+09	1.09678762e+09	1.08614590e+09	1.07560744e+09	1.06517122e+09	1.05483627e+09	1.04460159e+09	1.03446621e+09	1.02442918e+09	1.01448953e+09	1.00464632e+09	9.94898614e+08	9.85245488e+08	9.75686023e+08	9.66219310e+08	9.56844448e+08	9.47560547e+08	9.38366725e+08	9.29262106e+08	9.20245826e+08	9.11317028e+08	9.02474863e+08	8.93718490e+08	8.85047076e+08	8.76459798e+08	8.67955839e+08	8.59534391e+08	8.51194653e+08	8.42935832e+08	8.34757144e+08	8.26657810e+08	8.18637061e+08	8.10694135e+08	8.02828275e+08	7.95038735e+08	7.87324774e+08	7.79685659e+08	7.72120663e+08	7.64629067e+08	7.57210160e+08	7.49863235e+08	7.42587595e+08	7.35382548e+08	7.28247408e+08	7.21181498e+08	7.14184146e+08	7.07254687e+08	7.00392461e+08	6.93596817e+08	6.86867109e+08	6.80202697e+08	6.73602946e+08	6.67067231e+08	6.60594929e+08	6.54185426e+08	6.47838111e+08	6.41552382e+08	6.35327642e+08	6.29163297e+08	6.23058763e+08	6.17013459e+08	6.11026810e+08	6.05098247e+08	5.99227207e+08	5.93413132e+08	5.87655468e+08	5.81953668e+08	5.76307191e+08	5.70715500e+08	5.65178063e+08	5.59694353e+08	5.54263850e+08	5.48886037e+08	5.43560403e+08	5.38286441e+08	5.33063651e+08	5.27891535e+08	5.22769603e+08	5.17697366e+08	5.12674344e+08	5.07700058e+08	5.02774036e+08	4.97895809e+08	4.93064914e+08	4.88280891e+08	4.83543286e+08	4.78851648e+08	4.74205531e+08	4.69604493e+08	4.65048098e+08	4.60535912e+08	4.56067506e+08	4.51642455e+08	4.47260338e+08	4.42920740e+08	4.38623247e+08	4.34367451e+08	4.30152947e+08	4.25979336e+08	4.21846219e+08	4.17753204e+08	4.13699902e+08	4.09685928e+08	4.05710900e+08	4.01774440e+08	3.97876174e+08	3.94015732e+08	3.90192746e+08	3.86406853e+08	3.82657693e+08	3.78944909e+08	3.75268150e+08	3.71627065e+08	3.68021307e+08	3.64450535e+08	3.60914409e+08	3.57412593e+08	3.53944753e+08	3.50510561e+08	3.47109689e+08	3.43741815e+08	3.40406618e+08	3.37103780e+08	3.33832990e+08	3.30593934e+08	3.27386306e+08	3.24209800e+08	3.21064115e+08	3.17948951e+08	3.14864012e+08	3.11809005e+08	3.08783640e+08	3.05787629e+08	3.02820687e+08	2.99882532e+08	2.96972885e+08	2.94091469e+08	2.91238010e+08	2.88412238e+08	2.85613882e+08	2.82842679e+08	2.80098363e+08	2.77380674e+08	2.74689354e+08	2.72024147e+08	2.69384799e+08	2.66771060e+08	2.64182681e+08	2.61619416e+08	2.59081021e+08	2.56567256e+08	2.54077881e+08	2.51612659e+08	2.49171356e+08	2.46753740e+08	2.44359582e+08	2.41988653e+08	2.39640728e+08	2.37315585e+08	2.35013001e+08	2.32732759e+08	2.30474641e+08	2.28238432e+08	2.26023921e+08	2.23830896e+08	2.21659149e+08	2.19508474e+08	2.17378666e+08	2.15269523e+08	2.13180844e+08	2.11112430e+08	2.09064086e+08	2.07035616e+08	2.05026828e+08	2.03037530e+08	2.01067533e+08	1.99116651e+08	1.97184697e+08	1.95271488e+08	1.93376842e+08	1.91500580e+08	1.89642522e+08	1.87802492e+08	1.85980315e+08	1.84175819e+08	1.82388830e+08	1.80619180e+08	1.78866700e+08	1.77131224e+08	1.75412587e+08	1.73710624e+08	1.72025176e+08	1.70356080e+08	1.68703180e+08	1.67066316e+08	1.65445335e+08	1.63840081e+08	1.62250403e+08	1.60676148e+08	1.59117168e+08	1.57573314e+08	1.56044440e+08	1.54530399e+08	1.53031049e+08	1.51546247e+08	1.50075851e+08	1.48619721e+08	1.47177720e+08	1.45749710e+08	1.44335556e+08	1.42935122e+08	1.41548277e+08	1.40174887e+08	1.38814823e+08	1.37467955e+08	1.36134155e+08	1.34813297e+08	1.33505255e+08	1.32209903e+08	1.30927121e+08	1.29656784e+08	1.28398773e+08	1.27152968e+08	1.25919251e+08	1.24697504e+08	1.23487611e+08	1.22289457e+08	1.21102929e+08	1.19927913e+08	1.18764298e+08	1.17611972e+08	1.16470828e+08	1.15340755e+08	1.14221647e+08	1.13113398e+08	1.12015901e+08	1.10929053e+08	1.09852750e+08	1.08786891e+08	1.07731372e+08	1.06686096e+08	1.05650961e+08	1.04625869e+08	1.03610724e+08	1.02605428e+08	1.01609886e+08	1.00624004e+08	9.96476872e+07	9.86808433e+07	9.77233802e+07	9.67752071e+07	9.58362338e+07	9.49063710e+07	9.39855303e+07	9.30736241e+07	9.21705658e+07	9.12762696e+07	9.03906504e+07	8.95136240e+07	8.86451070e+07	8.77850170e+07	8.69332721e+07	8.60897913e+07	8.52544946e+07	8.44273024e+07	8.36081361e+07	8.27969179e+07	8.19935706e+07	8.11980179e+07	8.04101842e+07	7.96299945e+07	7.88573747e+07	7.80922513e+07	7.73345516e+07	7.65842037e+07	7.58411360e+07	7.51052781e+07	7.43765599e+07	7.36549122e+07	7.29402663e+07	7.22325545e+07	7.15317092e+07	7.08376640e+07	7.01503529e+07	6.94697105e+07	6.87956721e+07	6.81281736e+07	6.74671516e+07	6.68125433e+07	6.61642864e+07	6.55223193e+07	6.48865809e+07	6.42570109e+07	6.36335494e+07	6.30161370e+07	6.24047152e+07	6.17992258e+07	6.11996112e+07	6.06058145e+07	6.00177791e+07	5.94354492e+07	5.88587695e+07	5.82876851e+07	5.77221416e+07	5.71620855e+07	5.66074633e+07	5.60582224e+07	5.55143106e+07	5.49756762e+07	5.44422680e+07	5.39140352e+07	5.33909276e+07	5.28728956e+07	5.23598898e+07	5.18518616e+07	5.13487625e+07	5.08505448e+07	5.03571612e+07	4.98685646e+07	4.93847088e+07	4.89055476e+07	4.84310355e+07	4.79611274e+07	4.74957787e+07	4.70349450e+07	4.65785827e+07	4.61266483e+07	4.56790988e+07	4.52358917e+07	4.47969850e+07	4.43623367e+07	4.39319057e+07	4.35056510e+07	4.30835320e+07	4.26655088e+07	4.22515414e+07	4.18415907e+07	4.14356175e+07	4.10335833e+07	4.06354499e+07	4.02411795e+07	3.98507345e+07	3.94640779e+07	3.90811728e+07	3.87019829e+07	3.83264722e+07	3.79546049e+07	3.75863457e+07	3.72216595e+07	3.68605118e+07	3.65028681e+07	3.61486946e+07	3.57979574e+07	3.54506234e+07	3.51066593e+07	3.47660327e+07	3.44287110e+07	3.40946622e+07	3.37638545e+07	3.34362566e+07	3.31118372e+07	3.27905655e+07	3.24724110e+07	3.21573435e+07	3.18453329e+07	3.15363496e+07	3.12303643e+07	3.09273479e+07	3.06272715e+07	3.03301066e+07	3.00358250e+07	2.97443987e+07	2.94558001e+07	2.91700015e+07	2.88869760e+07	2.86066966e+07	2.83291366e+07	2.80542697e+07	2.77820697e+07	2.75125107e+07	2.72455672e+07	2.69812138e+07	2.67194252e+07	2.64601767e+07	2.62034436e+07	2.59492015e+07	2.56974261e+07	2.54480937e+07	2.52011805e+07	2.49566629e+07	2.47145178e+07	2.44747222e+07	2.42372532e+07	2.40020882e+07	2.37692050e+07	2.35385814e+07	2.33101954e+07	2.30840254e+07	2.28600498e+07	2.26382474e+07	2.24185970e+07	2.22010778e+07	2.19856691e+07	2.17723505e+07	2.15611015e+07	2.13519023e+07	2.11447329e+07	2.09395735e+07	2.07364047e+07	2.05352072e+07	2.03359618e+07	2.01386497e+07	1.99432519e+07	1.97497501e+07	1.95581257e+07	1.93683606e+07	1.91804367e+07	1.89943361e+07	1.88100413e+07	1.86275345e+07	1.84467986e+07	1.82678163e+07	1.80905705e+07	1.79150445e+07	1.77412216e+07	1.75690852e+07	1.73986190e+07	1.72298068e+07	1.70626325e+07	1.68970802e+07	1.67331342e+07	1.65707789e+07	1.64099989e+07	1.62507789e+07	1.60931037e+07	1.59369584e+07	1.57823281e+07	1.56291981e+07	1.54775539e+07	1.53273810e+07	1.51786652e+07	1.50313923e+07	1.48855484e+07	1.47411195e+07	1.45980920e+07	1.44564522e+07	1.43161867e+07	1.41772822e+07	1.40397254e+07	1.39035032e+07	1.37686027e+07	1.36350112e+07	1.35027158e+07	1.33717041e+07	1.32419635e+07	1.31134817e+07	1.29862465e+07	1.28602459e+07	1.27354677e+07	1.26119003e+07	1.24895318e+07	1.23683506e+07	1.22483451e+07	1.21295041e+07	1.20118161e+07	1.18952699e+07	1.17798546e+07	1.16655591e+07	1.15523726e+07	1.14402843e+07	1.13292835e+07	1.12193598e+07	1.11105026e+07	1.10027015e+07	1.08959465e+07	1.07902272e+07	1.06855337e+07	1.05818560e+07	1.04791842e+07	1.03775087e+07	1.02768196e+07	1.01771075e+07	1.00783629e+07	9.98057633e+06	9.88373856e+06	9.78784037e+06	9.69287265e+06	9.59882636e+06	9.50569257e+06	9.41346242e+06	9.32212714e+06	9.23167806e+06	9.14210657e+06	9.05340416e+06	8.96556239e+06	8.87857292e+06	8.79242748e+06	8.70711787e+06	8.62263599e+06	8.53897380e+06	8.45612336e+06	8.37407678e+06	8.29282628e+06	8.21236411e+06	8.13268264e+06	8.05377429e+06	7.97563155e+06	7.89824701e+06	7.82161329e+06	7.74572313e+06	7.67056930e+06	7.59614466e+06	7.52244213e+06	7.44945471e+06	7.37717546e+06	7.30559751e+06	7.23471406e+06	7.16451835e+06	7.09500373e+06	7.02616359e+06	6.95799137e+06	6.89048061e+06	6.82362487e+06	6.75741781e+06	6.69185314e+06	6.62692461e+06	6.56262606e+06	6.49895137e+06	6.43589450e+06	6.37344944e+06	6.31161027e+06	6.25037109e+06	6.18972610e+06	6.12966952e+06	6.07019565e+06	6.01129883e+06	5.95297347e+06	5.89521401e+06	5.83801497e+06	5.78137091e+06	5.72527645e+06	5.66972625e+06	5.61471504e+06	5.56023758e+06	5.50628869e+06	5.45286325e+06	5.39995617e+06	5.34756243e+06	5.29567705e+06	5.24429509e+06	5.19341168e+06	5.14302196e+06	5.09312116e+06	5.04370453e+06	4.99476736e+06	4.94630502e+06	4.89831289e+06	4.85078640e+06	4.80372105e+06	4.75711236e+06	4.71095589e+06	4.66524726e+06	4.61998213e+06	4.57515619e+06	4.53076517e+06	4.48680486e+06	4.44327109e+06	4.40015971e+06	4.35746662e+06	4.31518776e+06	4.27331912e+06	4.23185672e+06	4.19079661e+06	4.15013489e+06	4.10986769e+06	4.06999120e+06	4.03050161e+06	3.99139517e+06	3.95266817e+06	3.91431692e+06	3.87633778e+06	3.83872714e+06	3.80148142e+06	3.76459708e+06	3.72807061e+06	3.69189855e+06	3.65607745e+06	3.62060391e+06	3.58547455e+06	3.55068605e+06	3.51623508e+06	3.48211837e+06	3.44833269e+06	3.41487482e+06
delta_P: 9.95136864e+14	9.85481426e+14	9.75919671e+14	9.66450691e+14	9.57073584e+14	9.47787460e+14	9.38591436e+14	9.29484637e+14	9.20466198e+14	9.11535262e+14	9.02690979e+14	8.93932509e+14	8.85259019e+14	8.76669685e+14	8.68163689e+14	8.59740224e+14	8.51398489e+14	8.43137691e+14	8.34957044e+14	8.26855771e+14	8.18833101e+14	8.10888272e+14	8.03020529e+14	7.95229124e+14	7.87513315e+14	7.79872371e+14	7.72305563e+14	7.64812174e+14	7.57391490e+14	7.50042806e+14	7.42765423e+14	7.35558650e+14	7.28421802e+14	7.21354200e+14	7.14355172e+14	7.07424054e+14	7.00560185e+14	6.93762914e+14	6.87031594e+14	6.80365585e+14	6.73764255e+14	6.67226974e+14	6.60753122e+14	6.54342084e+14	6.47993250e+14	6.41706015e+14	6.35479784e+14	6.29313963e+14	6.23207967e+14	6.17161215e+14	6.11173133e+14	6.05243151e+14	5.99370705e+14	5.93555237e+14	5.87796194e+14	5.82093029e+14	5.76445200e+14	5.70852170e+14	5.65313406e+14	5.59828384e+14	5.54396580e+14	5.49017479e+14	5.43690570e+14	5.38415345e+14	5.33191304e+14	5.28017950e+14	5.22894791e+14	5.17821340e+14	5.12797115e+14	5.07821638e+14	5.02894436e+14	4.98015041e+14	4.93182989e+14	4.88397820e+14	4.83659080e+14	4.78966319e+14	4.74319089e+14	4.69716950e+14	4.65159463e+14	4.60646197e+14	4.56176720e+14	4.51750610e+14	4.47367444e+14	4.43026806e+14	4.38728284e+14	4.34471469e+14	4.30255956e+14	4.26081345e+14	4.21947239e+14	4.17853244e+14	4.13798971e+14	4.09784036e+14	4.05808056e+14	4.01870653e+14	3.97971454e+14	3.94110087e+14	3.90286185e+14	3.86499386e+14	3.82749328e+14	3.79035656e+14	3.75358016e+14	3.71716058e+14	3.68109438e+14	3.64537811e+14	3.61000838e+14	3.57498183e+14	3.54029513e+14	3.50594498e+14	3.47192812e+14	3.43824131e+14	3.40488135e+14	3.37184507e+14	3.33912933e+14	3.30673102e+14	3.27464705e+14	3.24287439e+14	3.21141000e+14	3.18025090e+14	3.14939412e+14	3.11883674e+14	3.08857584e+14	3.05860856e+14	3.02893203e+14	2.99954345e+14	2.97044001e+14	2.94161895e+14	2.91307753e+14	2.88481304e+14	2.85682279e+14	2.82910411e+14	2.80165438e+14	2.77447099e+14	2.74755134e+14	2.72089289e+14	2.69449309e+14	2.66834944e+14	2.64245945e+14	2.61682066e+14	2.59143064e+14	2.56628696e+14	2.54138725e+14	2.51672913e+14	2.49231025e+14	2.46812831e+14	2.44418099e+14	2.42046602e+14	2.39698115e+14	2.37372415e+14	2.35069280e+14	2.32788491e+14	2.30529832e+14	2.28293088e+14	2.26078047e+14	2.23884497e+14	2.21712230e+14	2.19561040e+14	2.17430722e+14	2.15321073e+14	2.13231894e+14	2.11162986e+14	2.09114151e+14	2.07085195e+14	2.05075926e+14	2.03086151e+14	2.01115683e+14	1.99164333e+14	1.97231917e+14	1.95318250e+14	1.93423151e+14	1.91546439e+14	1.89687936e+14	1.87847465e+14	1.86024852e+14	1.84219923e+14	1.82432507e+14	1.80662433e+14	1.78909534e+14	1.77173642e+14	1.75454593e+14	1.73752223e+14	1.72066371e+14	1.70396876e+14	1.68743579e+14	1.67106324e+14	1.65484954e+14	1.63879316e+14	1.62289257e+14	1.60714625e+14	1.59155272e+14	1.57611048e+14	1.56081808e+14	1.54567405e+14	1.53067696e+14	1.51582538e+14	1.50111789e+14	1.48655311e+14	1.47212965e+14	1.45784613e+14	1.44370120e+14	1.42969351e+14	1.41582173e+14	1.40208455e+14	1.38848065e+14	1.37500875e+14	1.36166756e+14	1.34845581e+14	1.33537225e+14	1.32241564e+14	1.30958474e+14	1.29687833e+14	1.28429521e+14	1.27183418e+14	1.25949405e+14	1.24727365e+14	1.23517183e+14	1.22318742e+14	1.21131930e+14	1.19956632e+14	1.18792738e+14	1.17640137e+14	1.16498719e+14	1.15368376e+14	1.14249000e+14	1.13140485e+14	1.12042726e+14	1.10955617e+14	1.09879057e+14	1.08812942e+14	1.07757171e+14	1.06711644e+14	1.05676261e+14	1.04650924e+14	1.03635536e+14	1.02629999e+14	1.01634219e+14	1.00648100e+14	9.96715499e+13	9.87044744e+13	9.77467821e+13	9.67983820e+13	9.58591838e+13	9.49290983e+13	9.40080370e+13	9.30959125e+13	9.21926380e+13	9.12981276e+13	9.04122963e+13	8.95350599e+13	8.86663350e+13	8.78060389e+13	8.69540901e+13	8.61104073e+13	8.52749105e+13	8.44475202e+13	8.36281578e+13	8.28167453e+13	8.20132057e+13	8.12174625e+13	8.04294401e+13	7.96490635e+13	7.88762587e+13	7.81109521e+13	7.73530710e+13	7.66025433e+13	7.58592977e+13	7.51232636e+13	7.43943709e+13	7.36725504e+13	7.29577334e+13	7.22498520e+13	7.15488390e+13	7.08546276e+13	7.01671518e+13	6.94863464e+13	6.88121466e+13	6.81444883e+13	6.74833080e+13	6.68285430e+13	6.61801308e+13	6.55380100e+13	6.49021194e+13	6.42723986e+13	6.36487877e+13	6.30312276e+13	6.24196593e+13	6.18140249e+13	6.12142667e+13	6.06203278e+13	6.00321516e+13	5.94496823e+13	5.88728644e+13	5.83016432e+13	5.77359644e+13	5.71757741e+13	5.66210191e+13	5.60716467e+13	5.55276047e+13	5.49888413e+13	5.44553053e+13	5.39269460e+13	5.34037132e+13	5.28855571e+13	5.23724285e+13	5.18642786e+13	5.13610590e+13	5.08627220e+13	5.03692202e+13	4.98805067e+13	4.93965349e+13	4.89172590e+13	4.84426333e+13	4.79726127e+13	4.75071525e+13	4.70462085e+13	4.65897369e+13	4.61376943e+13	4.56900376e+13	4.52467244e+13	4.48077125e+13	4.43729602e+13	4.39424261e+13	4.35160693e+13	4.30938493e+13	4.26757259e+13	4.22616594e+13	4.18516105e+13	4.14455401e+13	4.10434097e+13	4.06451809e+13	4.02508161e+13	3.98602776e+13	3.94735284e+13	3.90905316e+13	3.87112509e+13	3.83356502e+13	3.79636939e+13	3.75953465e+13	3.72305730e+13	3.68693388e+13	3.65116095e+13	3.61573511e+13	3.58065300e+13	3.54591127e+13	3.51150663e+13	3.47743581e+13	3.44369556e+13	3.41028268e+13	3.37719400e+13	3.34442636e+13	3.31197665e+13	3.27984179e+13	3.24801872e+13	3.21650442e+13	3.18529589e+13	3.15439017e+13	3.12378431e+13	3.09347541e+13	3.06346058e+13	3.03373698e+13	3.00430177e+13	2.97515217e+13	2.94628539e+13	2.91769869e+13	2.88938936e+13	2.86135471e+13	2.83359206e+13	2.80609879e+13	2.77887227e+13	2.75190992e+13	2.72520917e+13	2.69876750e+13	2.67258237e+13	2.64665131e+13	2.62097185e+13	2.59554155e+13	2.57035799e+13	2.54541878e+13	2.52072154e+13	2.49626393e+13	2.47204362e+13	2.44805832e+13	2.42430573e+13	2.40078360e+13	2.37748971e+13	2.35442182e+13	2.33157775e+13	2.30895533e+13	2.28655241e+13	2.26436686e+13	2.24239656e+13	2.22063943e+13	2.19909340e+13	2.17775643e+13	2.15662648e+13	2.13570155e+13	2.11497964e+13	2.09445879e+13	2.07413705e+13	2.05401248e+13	2.03408317e+13	2.01434723e+13	1.99480278e+13	1.97544796e+13	1.95628093e+13	1.93729987e+13	1.91850298e+13	1.89988847e+13	1.88145457e+13	1.86319953e+13	1.84512161e+13	1.82721909e+13	1.80949027e+13	1.79193347e+13	1.77454701e+13	1.75732925e+13	1.74027855e+13	1.72339328e+13	1.70667185e+13	1.69011265e+13	1.67371413e+13	1.65747471e+13	1.64139286e+13	1.62546704e+13	1.60969575e+13	1.59407748e+13	1.57861075e+13	1.56329408e+13	1.54812603e+13	1.53310515e+13	1.51823001e+13	1.50349919e+13	1.48891131e+13	1.47446496e+13	1.46015878e+13	1.44599141e+13	1.43196150e+13	1.41806772e+13	1.40430875e+13	1.39068327e+13	1.37718999e+13	1.36382764e+13	1.35059493e+13	1.33749062e+13	1.32451345e+13	1.31166220e+13	1.29893563e+13	1.28633255e+13	1.27385175e+13	1.26149205e+13	1.24925227e+13	1.23713124e+13	1.22512783e+13	1.21324087e+13	1.20146925e+13	1.18981185e+13	1.17826756e+13	1.16683527e+13	1.15551391e+13	1.14430239e+13	1.13319966e+13	1.12220465e+13	1.11131632e+13	1.10053364e+13	1.08985557e+13	1.07928112e+13	1.06880926e+13	1.05843901e+13	1.04816937e+13	1.03799938e+13	1.02792806e+13	1.01795446e+13	1.00807764e+13	9.98296638e+12	9.88610543e+12	9.79018427e+12	9.69519381e+12	9.60112500e+12	9.50796890e+12	9.41571667e+12	9.32435952e+12	9.23388878e+12	9.14429584e+12	9.05557218e+12	8.96770938e+12	8.88069908e+12	8.79453300e+12	8.70920297e+12	8.62470086e+12	8.54101864e+12	8.45814835e+12	8.37608213e+12	8.29481216e+12	8.21433073e+12	8.13463018e+12	8.05570293e+12	7.97754148e+12	7.90013841e+12	7.82348634e+12	7.74757800e+12	7.67240618e+12	7.59796371e+12	7.52424354e+12	7.45123864e+12	7.37894208e+12	7.30734699e+12	7.23644656e+12	7.16623405e+12	7.09670278e+12	7.02784615e+12	6.95965761e+12	6.89213068e+12	6.82525893e+12	6.75903602e+12	6.69345564e+12	6.62851156e+12	6.56419762e+12	6.50050768e+12	6.43743571e+12	6.37497570e+12	6.31312171e+12	6.25186787e+12	6.19120836e+12	6.13113740e+12	6.07164928e+12	6.01273836e+12	5.95439903e+12	5.89662574e+12	5.83941301e+12	5.78275538e+12	5.72664749e+12	5.67108399e+12	5.61605960e+12	5.56156909e+12	5.50760728e+12	5.45416905e+12	5.40124930e+12	5.34884302e+12	5.29694521e+12	5.24555095e+12	5.19465535e+12	5.14425356e+12	5.09434081e+12	5.04491234e+12	4.99596346e+12	4.94748951e+12	4.89948589e+12	4.85194803e+12	4.80487140e+12	4.75825155e+12	4.71208403e+12	4.66636445e+12	4.62108848e+12	4.57625180e+12	4.53185016e+12	4.48787932e+12	4.44433512e+12	4.40121341e+12	4.35851010e+12	4.31622112e+12	4.27434246e+12	4.23287012e+12	4.19180018e+12	4.15112872e+12	4.11085189e+12	4.07096584e+12	4.03146680e+12	3.99235099e+12	3.95361472e+12	3.91525429e+12	3.87726605e+12	3.83964640e+12	3.80239176e+12	3.76549859e+12	3.72896337e+12	3.69278265e+12	3.65695297e+12	3.62147094e+12	3.58633317e+12	3.55153633e+12	3.51707711e+12	3.48295224e+12	3.44915847e+12	3.41569258e+12	3.38255141e+12	3.34973179e+12	3.31723060e+12	3.28504477e+12	3.25317121e+12	3.22160692e+12	3.19034888e+12	3.15939413e+12	3.12873972e+12	3.09838274e+12	3.06832030e+12	3.03854955e+12	3.00906765e+12	2.97987180e+12	2.95095923e+12	2.92232718e+12	2.89397294e+12	2.86589382e+12	2.83808713e+12	2.81055024e+12	2.78328053e+12	2.75627541e+12	2.72953231e+12	2.70304869e+12	2.67682202e+12	2.65084983e+12	2.62512963e+12	2.59965899e+12	2.57443548e+12	2.54945670e+12	2.52472029e+12	2.50022388e+12	2.47596515e+12	2.45194179e+12	2.42815153e+12	2.40459209e+12	2.38126124e+12	2.35815676e+12	2.33527645e+12	2.31261815e+12	2.29017968e+12	2.26795893e+12	2.24595378e+12	2.22416214e+12	2.20258193e+12	2.18121111e+12	2.16004764e+12	2.13908952e+12	2.11833474e+12	2.09778133e+12	2.07742735e+12	2.05727086e+12	2.03730994e+12	2.01754269e+12	1.99796723e+12	1.97858171e+12	1.95938428e+12	1.94037311e+12	1.92154640e+12	1.90290236e+12	1.88443922e+12	1.86615521e+12	1.84804861e+12	1.83011769e+12	1.81236075e+12	1.79477610e+12	1.77736206e+12	1.76011699e+12	1.74303924e+12	1.72612719e+12	1.70937923e+12	1.69279376e+12	1.67636922e+12	1.66010405e+12	1.64399668e+12	1.62804560e+12	1.61224929e+12	1.59660624e+12	1.58111498e+12	1.56577401e+12	1.55058190e+12	1.53553719e+12	1.52063845e+12	1.50588427e+12	1.49127324e+12	1.47680398e+12	1.46247511e+12	1.44828526e+12	1.43423310e+12	1.42031727e+12	1.40653647e+12	1.39288938e+12	1.37937470e+12	1.36599115e+12	1.35273745e+12	1.33961235e+12	1.32661459e+12	1.31374295e+12	1.30099620e+12	1.28837312e+12	1.27587253e+12	1.26349322e+12	1.25123402e+12	1.23909377e+12	1.22707131e+12	1.21516550e+12	1.20337520e+12	1.19169931e+12	1.18013670e+12	1.16868628e+12	1.15734696e+12	1.14611766e+12	1.13499731e+12	1.12398486e+12	1.11307926e+12	1.10227947e+12	1.09158447e+12	1.08099323e+12	1.07050476e+12	1.06011806e+12	1.04983213e+12	1.03964601e+12	1.02955872e+12	1.01956930e+12	1.00967680e+12	9.99880286e+11	9.90178825e+11	9.80571493e+11	9.71057378e+11	9.61635574e+11	9.52305187e+11	9.43065329e+11	9.33915122e+11	9.24853695e+11	9.15880189e+11	9.06993749e+11	8.98193531e+11	8.89478697e+11	8.80848421e+11	8.72301881e+11	8.63838265e+11	8.55456768e+11	8.47156594e+11	8.38936953e+11	8.30797064e+11	8.22736153e+11	8.14753455e+11	8.06848209e+11	7.99019665e+11	7.91267079e+11	7.83589713e+11	7.75986837e+11	7.68457730e+11	7.61001674e+11	7.53617962e+11	7.46305891e+11	7.39064767e+11	7.31893900e+11	7.24792609e+11	7.17760220e+11	7.10796063e+11	7.03899477e+11	6.97069806e+11	6.90306401e+11	6.83608618e+11	6.76975821e+11	6.70407380e+11	6.63902670e+11	6.57461073e+11	6.51081976e+11	6.44764773e+11	6.38508864e+11	6.32313653e+11	6.26178552e+11	6.20102978e+11	6.14086353e+11	6.08128105e+11	6.02227667e+11	5.96384479e+11	5.90597985e+11	5.84867636e+11	5.79192886e+11	5.73573196e+11	5.68008031e+11	5.62496863e+11	5.57039169e+11	5.51634428e+11	5.46282127e+11	5.40981757e+11	5.35732815e+11	5.30534802e+11	5.25387223e+11	5.20289589e+11	5.15241415e+11	5.10242222e+11	5.05291534e+11	5.00388881e+11	4.95533796e+11	4.90725819e+11	4.85964491e+11	4.81249361e+11	4.76579980e+11	4.71955904e+11	4.67376694e+11	4.62841914e+11	4.58351134e+11	4.53903926e+11	4.49499867e+11	4.45138539e+11	4.40819528e+11	4.36542422e+11	4.32306816e+11	4.28112306e+11	4.23958494e+11	4.19844984e+11	4.15771387e+11	4.11737314e+11	4.07742382e+11	4.03786211e+11	3.99868426e+11	3.95988653e+11	3.92146525e+11	3.88341675e+11	3.84573742e+11	3.80842368e+11	3.77147198e+11	3.73487881e+11	3.69864069e+11	3.66275418e+11	3.62721586e+11	3.59202235e+11	3.55717031e+11	3.52265643e+11	3.48847742e+11	3.45463004e+11	3.42111107e+11	3.38791732e+11	3.35504563e+11	3.32249289e+11	3.29025600e+11	3.25833188e+11	3.22671752e+11	3.19540989e+11	3.16440604e+11	3.13370300e+11	3.10329786e+11	3.07318773e+11	3.04336975e+11	3.01384108e+11	2.98459892e+11	2.95564048e+11	2.92696302e+11	2.89856380e+11	2.87044013e+11	2.84258933e+11	2.81500876e+11	2.78769579e+11	2.76064783e+11	2.73386230e+11	2.70733667e+11	2.68106840e+11	2.65505500e+11	2.62929401e+11	2.60378296e+11	2.57851944e+11	2.55350103e+11	2.52872538e+11	2.50419011e+11	2.47989290e+11	2.45583143e+11	2.43200342e+11	2.40840661e+11	2.38503875e+11	2.36189762e+11	2.33898102e+11	2.31628677e+11	2.29381271e+11	2.27155671e+11	2.24951665e+11	2.22769044e+11	2.20607600e+11	2.18467128e+11	2.16347424e+11	2.14248286e+11	2.12169516e+11	2.10110915e+11	2.08072288e+11	2.06053441e+11	2.04054182e+11	2.02074322e+11	2.00113671e+11	1.98172043e+11	1.96249255e+11	1.94345122e+11	1.92459465e+11	1.90592103e+11	1.88742860e+11	1.86911559e+11	1.85098027e+11	1.83302090e+11	1.81523579e+11	1.79762324e+11	1.78018158e+11	1.76290915e+11	1.74580431e+11	1.72886543e+11	1.71209090e+11	1.69547913e+11	1.67902853e+11	1.66273755e+11	1.64660464e+11	1.63062825e+11	1.61480688e+11	1.59913902e+11	1.58362318e+11	1.56825788e+11	1.55304166e+11	1.53797309e+11	1.52305071e+11	1.50827313e+11	1.49363892e+11	1.47914671e+11	1.46479510e+11	1.45058275e+11	1.43650829e+11	1.42257039e+11	1.40876773e+11	1.39509899e+11	1.38156287e+11	1.36815809e+11	1.35488336e+11	1.34173744e+11	1.32871907e+11	1.31582701e+11	1.30306004e+11	1.29041694e+11	1.27789651e+11	1.26549756e+11	1.25321891e+11	1.24105940e+11	1.22901787e+11	1.21709317e+11	1.20528418e+11	1.19358976e+11	1.18200881e+11	1.17054022e+11	1.15918291e+11	1.14793580e+11	1.13679781e+11	1.12576789e+11	1.11484499e+11	1.10402807e+11	1.09331610e+11	1.08270807e+11	1.07220296e+11	1.06179978e+11	1.05149754e+11	1.04129525e+11	1.03119196e+11	1.02118669e+11	1.01127850e+11	1.00146645e+11	9.91749595e+10	9.82127023e+10	9.72597815e+10	9.63161065e+10	9.53815876e+10	9.44561361e+10	9.35396638e+10	9.26320837e+10	9.17333095e+10	9.08432558e+10	8.99618380e+10	8.90889722e+10	8.82245755e+10	8.73685657e+10	8.65208615e+10	8.56813822e+10	8.48500480e+10	8.40267800e+10	8.32114999e+10	8.24041301e+10	8.16045939e+10	8.08128153e+10	8.00287190e+10	7.92522305e+10	7.84832760e+10	7.77217824e+10	7.69676773e+10	7.62208889e+10	7.54813464e+10	7.47489793e+10	7.40237182e+10	7.33054940e+10	7.25942384e+10	7.18898839e+10	7.11923635e+10	7.05016108e+10	6.98175603e+10	6.91401468e+10	6.84693060e+10	6.78049742e+10	6.71470881e+10	6.64955852e+10	6.58504036e+10	6.52114820e+10	6.45787596e+10	6.39521763e+10	6.33316724e+10	6.27171891e+10	6.21086678e+10	6.15060509e+10	6.09092808e+10	6.03183011e+10	5.97330553e+10	5.91534880e+10	5.85795440e+10	5.80111688e+10	5.74483083e+10	5.68909091e+10	5.63389180e+10	5.57922828e+10	5.52509513e+10	5.47148721e+10	5.41839944e+10	5.36582675e+10	5.31376416e+10	5.26220671e+10	5.21114950e+10	5.16058768e+10	5.11051645e+10	5.06093103e+10	5.01182673e+10	4.96319886e+10	4.91504282e+10	4.86735401e+10	4.82012791e+10	4.77336003e+10	4.72704591e+10	4.68118117e+10	4.63576144e+10	4.59078239e+10	4.54623976e+10	4.50212931e+10	4.45844685e+10	4.41518822e+10	4.37234931e+10	4.32992606e+10	4.28791442e+10	4.24631040e+10	4.20511005e+10	4.16430946e+10	4.12390473e+10	4.08389204e+10	4.04426758e+10	4.00502757e+10	3.96616830e+10	3.92768607e+10	3.88957721e+10	3.85183811e+10	3.81446518e+10	3.77745486e+10	3.74080364e+10	3.70450803e+10	3.66856459e+10	3.63296989e+10	3.59772055e+10	3.56281323e+10	3.52824459e+10	3.49401137e+10	3.46011029e+10	3.42653815e+10	3.39329174e+10	3.36036791e+10	3.32776353e+10	3.29547549e+10	3.26350074e+10	3.23183622e+10	3.20047893e+10	3.16942589e+10	3.13867415e+10	3.10822078e+10	3.07806288e+10	3.04819760e+10	3.01862209e+10	2.98933354e+10	2.96032916e+10	2.93160620e+10	2.90316193e+10	2.87499365e+10	2.84709867e+10	2.81947434e+10	2.79211805e+10	2.76502718e+10	2.73819916e+10	2.71163145e+10	2.68532151e+10	2.65926685e+10	2.63346499e+10	2.60791347e+10	2.58260987e+10	2.55755178e+10	2.53273682e+10	2.50816263e+10	2.48382687e+10	2.45972724e+10	2.43586143e+10	2.41222719e+10	2.38882226e+10	2.36564442e+10	2.34269146e+10	2.31996121e+10	2.29745150e+10	2.27516019e+10	2.25308517e+10	2.23122434e+10	2.20957561e+10	2.18813693e+10	2.16690626e+10	2.14588159e+10	2.12506091e+10	2.10444224e+10	2.08402363e+10	2.06380314e+10	2.04377884e+10	2.02394882e+10	2.00431121e+10	1.98486413e+10	1.96560574e+10	1.94653421e+10	1.92764773e+10	1.90894449e+10	1.89042272e+10	1.87208066e+10	1.85391657e+10	1.83592871e+10	1.81811539e+10	1.80047490e+10	1.78300557e+10	1.76570574e+10	1.74857377e+10	1.73160801e+10	1.71480688e+10	1.69816875e+10	1.68169206e+10	1.66537524e+10	1.64921673e+10	1.63321500e+10	1.61736853e+10	1.60167581e+10	1.58613536e+10	1.57074568e+10	1.55550533e+10	1.54041285e+10	1.52546681e+10	1.51066578e+10	1.49600836e+10	1.48149315e+10	1.46711878e+10	1.45288388e+10	1.43878710e+10	1.42482709e+10	1.41100253e+10	1.39731210e+10	1.38375451e+10	1.37032846e+10	1.35703268e+10	1.34386591e+10	1.33082688e+10	1.31791437e+10	1.30512714e+10	1.29246399e+10	1.27992370e+10	1.26750508e+10	1.25520696e+10	1.24302816e+10	1.23096752e+10	1.21902391e+10	1.20719618e+10	1.19548321e+10	1.18388389e+10	1.17239711e+10	1.16102178e+10	1.14975683e+10	1.13860117e+10	1.12755375e+10	1.11661352e+10	1.10577944e+10	1.09505048e+10	1.08442562e+10	1.07390385e+10	1.06348416e+10	1.05316558e+10	1.04294711e+10	1.03282779e+10	1.02280665e+10	1.01288274e+10	1.00305512e+10	9.93322857e+09	9.83685020e+09	9.74140695e+09	9.64688975e+09	9.55328962e+09	9.46059765e+09	9.36880504e+09	9.27790306e+09	9.18788307e+09	9.09873650e+09	9.01045489e+09	8.92302985e+09	8.83645305e+09	8.75071628e+09	8.66581138e+09	8.58173028e+09	8.49846499e+09	8.41600759e+09	8.33435024e+09	8.25348519e+09	8.17340473e+09	8.09410127e+09	8.01556726e+09	7.93779523e+09	7.86077780e+09	7.78450764e+09	7.70897749e+09	7.63418019e+09	7.56010862e+09	7.48675574e+09	7.41411457e+09	7.34217821e+09	7.27093983e+09	7.20039264e+09	7.13052995e+09	7.06134510e+09	6.99283154e+09	6.92498273e+09	6.85779223e+09	6.79125366e+09	6.72536069e+09	6.66010705e+09	6.59548654e+09	6.53149302e+09	6.46812041e+09	6.40536268e+09	6.34321386e+09	6.28166805e+09	6.22071939e+09	6.16036210e+09	6.10059043e+09	6.04139870e+09	5.98278129e+09	5.92473262e+09	5.86724717e+09	5.81031948e+09	5.75394415e+09	5.69811580e+09	5.64282913e+09	5.58807888e+09	5.53385986e+09	5.48016691e+09	5.42699491e+09	5.37433883e+09	5.32219365e+09	5.27055441e+09	5.21941621e+09	5.16877418e+09	5.11862351e+09	5.06895944e+09	5.01977724e+09	4.97107223e+09	4.92283979e+09	4.87507534e+09	4.82777432e+09	4.78093225e+09	4.73454466e+09	4.68860716e+09	4.64311537e+09	4.59806498e+09	4.55345169e+09	4.50927126e+09	4.46551950e+09	4.42219225e+09	4.37928539e+09	4.33679483e+09	4.29471655e+09	4.25304654e+09	4.21178083e+09	4.17091551e+09	4.13044669e+09	4.09037052e+09	4.05068320e+09	4.01138095e+09	3.97246003e+09	3.93391675e+09	3.89574744e+09	3.85794847e+09	3.82051625e+09	3.78344722e+09	3.74673786e+09	3.71038468e+09	3.67438421e+09	3.63873305e+09	3.60342780e+09	3.56846510e+09	3.53384162e+09	3.49955409e+09	3.46559924e+09	3.43197384e+09	3.39867469e+09	3.36569863e+09	3.33304252e+09	3.30070327e+09	3.26867779e+09	3.23696304e+09	3.20555601e+09	3.17445371e+09	3.14365318e+09	3.11315150e+09	3.08294577e+09	3.05303311e+09	3.02341068e+09	2.99407567e+09	2.96502528e+09	2.93625676e+09	2.90776736e+09	2.87955439e+09	2.85161516e+09	2.82394702e+09	2.79654732e+09	2.76941348e+09	2.74254291e+09	2.71593305e+09	2.68958137e+09	2.66348538e+09	2.63764258e+09	2.61205053e+09	2.58670679e+09	2.56160895e+09	2.53675463e+09	2.51214145e+09	2.48776709e+09	2.46362923e+09	2.43972556e+09	2.41605382e+09	2.39261176e+09	2.36939716e+09	2.34640779e+09	2.32364148e+09	2.30109606e+09	2.27876939e+09	2.25665935e+09	2.23476384e+09	2.21308077e+09	2.19160808e+09	2.17034373e+09	2.14928571e+09	2.12843200e+09	2.10778063e+09	2.08732963e+09	2.06707705e+09	2.04702098e+09	2.02715951e+09	2.00749075e+09	1.98801282e+09	1.96872388e+09	1.94962210e+09	1.93070565e+09	1.91197274e+09	1.89342159e+09	1.87505044e+09	1.85685753e+09	1.83884114e+09	1.82099956e+09	1.80333109e+09	1.78583404e+09	1.76850677e+09	1.75134762e+09	1.73435495e+09	1.71752716e+09	1.70086264e+09	1.68435981e+09	1.66801710e+09	1.65183296e+09	1.63580585e+09	1.61993424e+09	1.60421663e+09	1.58865152e+09	1.57323744e+09	1.55797291e+09	1.54285648e+09	1.52788673e+09	1.51306222e+09	1.49838155e+09	1.48384332e+09	1.46944615e+09	1.45518866e+09	1.44106952e+09	1.42708736e+09	1.41324087e+09	1.39952873e+09	1.38594963e+09	1.37250228e+09	1.35918541e+09	1.34599775e+09	1.33293804e+09	1.32000504e+09	1.30719753e+09	1.29451429e+09	1.28195410e+09	1.26951579e+09	1.25719815e+09	1.24500003e+09	1.23292027e+09	1.22095771e+09	1.20911122e+09	1.19737967e+09	1.18576194e+09	1.17425694e+09	1.16286357e+09	1.15158074e+09	1.14040739e+09	1.12934245e+09	1.11838486e+09	1.10753360e+09	1.09678762e+09	1.08614590e+09	1.07560744e+09	1.06517122e+09	1.05483627e+09	1.04460159e+09	1.03446621e+09	1.02442918e+09	1.01448953e+09	1.00464632e+09	9.94898614e+08	9.85245488e+08	9.75686023e+08	9.66219310e+08	9.56844448e+08	9.47560547e+08	9.38366725e+08	9.29262106e+08	9.20245826e+08	9.11317028e+08	9.02474863e+08	8.93718490e+08	8.85047076e+08	8.76459798e+08	8.67955839e+08	8.59534391e+08	8.51194653e+08	8.42935832e+08	8.34757144e+08	8.26657810e+08	8.18637061e+08	8.10694135e+08	8.02828275e+08	7.95038735e+08	7.87324774e+08	7.79685659e+08	7.72120663e+08	7.64629067e+08	7.57210160e+08	7.49863235e+08	7.42587595e+08	7.35382548e+08	7.28247408e+08	7.21181498e+08	7.14184146e+08	7.07254687e+08	7.00392461e+08	6.93596817e+08	6.86867109e+08	6.80202697e+08	6.73602946e+08	6.67067231e+08	6.60594929e+08	6.54185426e+08	6.47838111e+08	6.41552382e+08	6.35327642e+08	6.29163297e+08	6.23058763e+08	6.17013459e+08	6.11026810e+08	6.05098247e+08	5.99227207e+08	5.93413132e+08	5.87655468e+08	5.81953668e+08	5.76307191e+08	5.70715500e+08	5.65178063e+08	5.59694353e+08	5.54263850e+08	5.48886037e+08	5.43560403e+08	5.38286441e+08	5.33063651e+08	5.27891535e+08	5.22769603e+08	5.17697366e+08	5.12674344e+08	5.07700058e+08	5.02774036e+08	4.97895809e+08	4.93064914e+08	4.88280891e+08	4.83543286e+08	4.78851648e+08	4.74205531e+08	4.69604493e+08	4.65048098e+08	4.60535912e+08	4.56067506e+08	4.51642455e+08	4.47260338e+08	4.42920740e+08	4.38623247e+08	4.34367451e+08	4.30152947e+08	4.25979336e+08	4.21846219e+08	4.17753204e+08	4.13699902e+08	4.09685928e+08	4.05710900e+08	4.01774440e+08	3.97876174e+08	3.94015732e+08	3.90192746e+08	3.86406853e+08	3.82657693e+08	3.78944909e+08	3.75268150e+08	3.71627065e+08	3.68021307e+08	3.64450535e+08	3.60914409e+08	3.57412593e+08	3.53944753e+08	3.50510561e+08	3.47109689e+08	3.43741815e+08	3.40406618e+08	3.37103780e+08	3.33832990e+08	3.30593934e+08	3.27386306e+08	3.24209800e+08	3.21064115e+08	3.17948951e+08	3.14864012e+08	3.11809005e+08	3.08783640e+08	3.05787629e+08	3.02820687e+08	2.99882532e+08	2.96972885e+08	2.94091469e+08	2.91238010e+08	2.88412238e+08	2.85613882e+08	2.82842679e+08	2.80098363e+08	2.77380674e+08	2.74689354e+08	2.72024147e+08	2.69384799e+08	2.66771060e+08	2.64182681e+08	2.61619416e+08	2.59081021e+08	2.56567256e+08	2.54077881e+08	2.51612659e+08	2.49171356e+08	2.46753740e+08	2.44359582e+08	2.41988653e+08	2.39640728e+08	2.37315585e+08	2.35013001e+08	2.32732759e+08	2.30474641e+08	2.28238432e+08	2.26023921e+08	2.23830896e+08	2.21659149e+08	2.19508474e+08	2.17378666e+08	2.15269523e+08	2.13180844e+08	2.11112430e+08	2.09064086e+08	2.07035616e+08	2.05026828e+08	2.03037530e+08	2.01067533e+08	1.99116651e+08	1.97184697e+08	1.95271488e+08	1.93376842e+08	1.91500580e+08	1.89642522e+08	1.87802492e+08	1.85980315e+08	1.84175819e+08	1.82388830e+08	1.80619180e+08	1.78866700e+08	1.77131224e+08	1.75412587e+08	1.73710624e+08	1.72025176e+08	1.70356080e+08	1.68703180e+08	1.67066316e+08	1.65445335e+08	1.63840081e+08	1.62250403e+08	1.60676148e+08	1.59117168e+08	1.57573314e+08	1.56044440e+08	1.54530399e+08	1.53031049e+08	1.51546247e+08	1.50075851e+08	1.48619721e+08	1.47177720e+08	1.45749710e+08	1.44335556e+08	1.42935122e+08	1.41548277e+08	1.40174887e+08	1.38814823e+08	1.37467955e+08	1.36134155e+08	1.34813297e+08	1.33505255e+08	1.32209903e+08	1.30927121e+08	1.29656784e+08	1.28398773e+08	1.27152968e+08	1.25919251e+08	1.24697504e+08	1.23487611e+08	1.22289457e+08	1.21102929e+08	1.19927913e+08	1.18764298e+08	1.17611972e+08	1.16470828e+08	1.15340755e+08	1.14221647e+08	1.13113398e+08	1.12015901e+08	1.10929053e+08	1.09852750e+08	1.08786891e+08	1.07731372e+08	1.06686096e+08	1.05650961e+08	1.04625869e+08	1.03610724e+08	1.02605428e+08	1.01609886e+08	1.00624004e+08	9.96476872e+07	9.86808433e+07	9.77233802e+07	9.67752071e+07	9.58362338e+07	9.49063710e+07	9.39855303e+07	9.30736241e+07	9.21705658e+07	9.12762696e+07	9.03906504e+07	8.95136240e+07	8.86451070e+07	8.77850170e+07	8.69332721e+07	8.60897913e+07	8.52544946e+07	8.44273024e+07	8.36081361e+07	8.27969179e+07	8.19935706e+07	8.11980179e+07	8.04101842e+07	7.96299945e+07	7.88573747e+07	7.80922513e+07	7.73345516e+07	7.65842037e+07	7.58411360e+07	7.51052781e+07	7.43765599e+07	7.36549122e+07	7.29402663e+07	7.22325545e+07	7.15317092e+07	7.08376640e+07	7.01503529e+07	6.94697105e+07	6.87956721e+07	6.81281736e+07	6.74671516e+07	6.68125433e+07	6.61642864e+07	6.55223193e+07	6.48865809e+07	6.42570109e+07	6.36335494e+07	6.30161370e+07	6.24047152e+07	6.17992258e+07	6.11996112e+07	6.06058145e+07	6.00177791e+07	5.94354492e+07	5.88587695e+07	5.82876851e+07	5.77221416e+07	5.71620855e+07	5.66074633e+07	5.60582224e+07	5.55143106e+07	5.49756762e+07	5.44422680e+07	5.39140352e+07	5.33909276e+07	5.28728956e+07	5.23598898e+07	5.18518616e+07	5.13487625e+07	5.08505448e+07	5.03571612e+07	4.98685646e+07	4.93847088e+07	4.89055476e+07	4.84310355e+07	4.79611274e+07	4.74957787e+07	4.70349450e+07	4.65785827e+07	4.61266483e+07	4.56790988e+07	4.52358917e+07	4.47969850e+07	4.43623367e+07	4.39319057e+07	4.35056510e+07	4.30835320e+07	4.26655088e+07	4.22515414e+07	4.18415907e+07	4.14356175e+07	4.10335833e+07	4.06354499e+07	4.02411795e+07	3.98507345e+07	3.94640779e+07	3.90811728e+07	3.87019829e+07	3.83264722e+07	3.79546049e+07	3.75863457e+07	3.72216595e+07	3.68605118e+07	3.65028681e+07	3.61486946e+07	3.57979574e+07	3.54506234e+07	3.51066593e+07	3.47660327e+07	3.44287110e+07	3.40946622e+07	3.37638545e+07	3.34362566e+07	3.31118372e+07	3.27905655e+07	3.24724110e+07	3.21573435e+07	3.18453329e+07	3.15363496e+07	3.12303643e+07	3.09273479e+07	3.06272715e+07	3.03301066e+07	3.00358250e+07	2.97443987e+07	2.94558001e+07	2.91700015e+07	2.88869760e+07	2.86066966e+07	2.83291366e+07	2.80542697e+07	2.77820697e+07	2.75125107e+07	2.72455672e+07	2.69812138e+07	2.67194252e+07	2.64601767e+07	2.62034436e+07	2.59492015e+07	2.56974261e+07	2.54480937e+07	2.52011805e+07	2.49566629e+07	2.47145178e+07	2.44747222e+07	2.42372532e+07	2.40020882e+07	2.37692050e+07	2.35385814e+07	2.33101954e+07	2.30840254e+07	2.28600498e+07	2.26382474e+07	2.24185970e+07	2.22010778e+07	2.19856691e+07	2.17723505e+07	2.15611015e+07	2.13519023e+07	2.11447329e+07	2.09395735e+07	2.07364047e+07	2.05352072e+07	2.03359618e+07	2.01386497e+07	1.99432519e+07	1.97497501e+07	1.95581257e+07	1.93683606e+07	1.91804367e+07	1.89943361e+07	1.88100413e+07	1.86275345e+07	1.84467986e+07	1.82678163e+07	1.80905705e+07	1.79150445e+07	1.77412216e+07	1.75690852e+07	1.73986190e+07	1.72298068e+07	1.70626325e+07	1.68970802e+07	1.67331342e+07	1.65707789e+07	1.64099989e+07	1.62507789e+07	1.60931037e+07	1.59369584e+07	1.57823281e+07	1.56291981e+07	1.54775539e+07	1.53273810e+07	1.51786652e+07	1.50313923e+07	1.48855484e+07	1.47411195e+07	1.45980920e+07	1.44564522e+07	1.43161867e+07	1.41772822e+07	1.40397254e+07	1.39035032e+07	1.37686027e+07	1.36350112e+07	1.35027158e+07	1.33717041e+07	1.32419635e+07	1.31134817e+07	1.29862465e+07	1.28602459e+07	1.27354677e+07	1.26119003e+07	1.24895318e+07	1.23683506e+07	1.22483451e+07	1.21295041e+07	1.20118161e+07	1.18952699e+07	1.17798546e+07	1.16655591e+07	1.15523726e+07	1.14402843e+07	1.13292835e+07	1.12193598e+07	1.11105026e+07	1.10027015e+07	1.08959465e+07	1.07902272e+07	1.06855337e+07	1.05818560e+07	1.04791842e+07	1.03775087e+07	1.02768196e+07	1.01771075e+07	1.00783629e+07	9.98057633e+06	9.88373856e+06	9.78784037e+06	9.69287265e+06	9.59882636e+06	9.50569257e+06	9.41346242e+06	9.32212714e+06	9.23167806e+06	9.14210657e+06	9.05340416e+06	8.96556239e+06	8.87857292e+06	8.79242748e+06	8.70711787e+06	8.62263599e+06	8.53897380e+06	8.45612336e+06	8.37407678e+06	8.29282628e+06	8.21236411e+06	8.13268264e+06	8.05377429e+06	7.97563155e+06	7.89824701e+06	7.82161329e+06	7.74572313e+06	7.67056930e+06	7.59614466e+06	7.52244213e+06	7.44945471e+06	7.37717546e+06	7.30559751e+06	7.23471406e+06	7.16451835e+06	7.09500373e+06	7.02616359e+06	6.95799137e+06	6.89048061e+06	6.82362487e+06	6.75741781e+06	6.69185314e+06	6.62692461e+06	6.56262606e+06	6.49895137e+06	6.43589450e+06	6.37344944e+06	6.31161027e+06	6.25037109e+06	6.18972610e+06	6.12966952e+06	6.07019565e+06	6.01129883e+06	5.95297347e+06	5.89521401e+06	5.83801497e+06	5.78137091e+06	5.72527645e+06	5.66972625e+06	5.61471504e+06	5.56023758e+06	5.50628869e+06	5.45286325e+06	5.39995617e+06	5.34756243e+06	5.29567705e+06	5.24429509e+06	5.19341168e+06	5.14302196e+06	5.09312116e+06	5.04370453e+06	4.99476736e+06	4.94630502e+06	4.89831289e+06	4.85078640e+06	4.80372105e+06	4.75711236e+06	4.71095589e+06	4.66524726e+06	4.61998213e+06	4.57515619e+06	4.53076517e+06	4.48680486e+06	4.44327109e+06	4.40015971e+06	4.35746662e+06	4.31518776e+06	4.27331912e+06	4.23185672e+06	4.19079661e+06	4.15013489e+06	4.10986769e+06	4.06999120e+06	4.03050161e+06	3.99139517e+06	3.95266817e+06	3.91431692e+06	3.87633778e+06	3.83872714e+06	3.80148142e+06	3.76459708e+06	3.72807061e+06	3.69189855e+06	3.65607745e+06	3.62060391e+06	3.58547455e+06	3.55068605e+06	3.51623508e+06	3.48211837e+06	3.44833269e+06	3.41487482e+06
Eg: 0.0
electron_affinity: 0.0
p$ Laser Parameters
LGC_absorption_cof: 65000.0
Max_Gen: 1000000000000000.0
p$ Laser Options
long_expfactor: 0
incidence: 
power_mode: max-gen
direction: fwd
